,timestamps,TP9,AF7,AF8,TP10,Secondary Timestamp,emg_signal
0,1686017671.09,-51.758,-400.391,-124.512,-6.836,119435.518,313.9429621500516
1,1686017671.1,-45.41,6.836,87.402,-2.441,119435.522,316.75985483429264
2,1686017671.1,-35.645,183.594,115.234,-17.578,119435.526,314.7581293840417
3,1686017671.11,-38.086,-272.461,-175.781,-25.879,119435.53,322.4546120290022
4,1686017671.11,-49.316,-170.41,-41.504,-27.344,119435.534,313.7810146902341
5,1686017671.11,-46.387,114.258,129.883,-12.695,119435.537,317.44196467285855
6,1686017671.12,-47.363,-76.172,1.465,-17.578,119435.541,322.5897186250232
7,1686017671.12,-61.523,-627.93,-251.465,-36.621,119435.545,319.3102563677457
8,1686017671.12,-60.059,-341.309,-17.578,-29.785,119435.549,311.6748067532529
9,1686017671.13,-40.527,429.688,244.629,-10.742,119435.553,322.12342546052
10,1686017671.13,-45.41,262.207,67.871,-15.625,119435.557,318.66996236029405
11,1686017671.14,-57.129,-11.23,-16.602,-30.762,119435.561,314.505584986314
12,1686017671.14,-44.434,144.531,65.43,-24.902,119435.56,326.768837543954
13,1686017671.14,-35.156,295.898,110.84,-15.625,119435.564,314.5479028884794
14,1686017671.15,-37.109,224.121,84.961,-13.184,119435.567,311.22497826741096
15,1686017671.15,-53.711,-36.133,48.828,-26.367,119435.571,316.50601125319565
16,1686017671.16,-55.664,-222.168,-46.875,-41.992,119435.575,319.90396220824243
17,1686017671.16,-51.27,-149.414,8.789,-34.668,119435.579,317.91424015227557
18,1686017671.16,-60.547,-220.703,-14.648,-15.137,119435.583,313.24006297996056
19,1686017671.17,-66.895,-833.496,-344.727,-23.438,119435.587,318.0434913690799
20,1686017671.17,-69.824,-350.586,-56.641,-43.457,119435.591,324.0601167342309
21,1686017671.17,-70.801,260.254,174.805,-36.621,119435.595,318.2685441134428
22,1686017671.18,-60.059,-240.234,-38.574,-17.578,119435.599,316.3132815177226
23,1686017671.18,-51.758,-282.715,-12.695,-15.137,119435.603,316.97398159869255
24,1686017671.18,-51.27,234.375,120.117,-24.414,119435.621,320.04072084411047
25,1686017671.19,-54.688,175.293,67.871,-34.668,119435.625,314.836672786856
26,1686017671.19,-51.758,-79.102,-3.418,-28.32,119435.629,318.8252498956477
27,1686017671.2,-40.527,174.316,92.773,-18.066,119435.633,313.8395387530226
28,1686017671.2,-41.504,319.336,126.465,-34.668,119435.637,324.08881054268704
29,1686017671.2,-47.852,-118.164,-83.008,-35.645,119435.641,317.17628989925726
30,1686017671.21,-36.621,-784.668,-367.676,-11.23,119435.645,317.9407087106498
31,1686017671.21,-37.598,-527.832,-133.301,-6.348,119435.648,310.9917395844916
32,1686017671.22,-49.805,291.992,171.387,-34.18,119435.652,317.54081822612716
33,1686017671.22,-48.828,162.109,7.324,-47.363,119435.656,319.06785079391466
34,1686017671.22,-37.598,-215.82,-74.219,-31.25,119435.66,322.9041182678255
35,1686017671.23,-28.32,170.898,129.883,-20.508,119435.664,317.4096137396478
36,1686017671.23,-32.227,400.879,140.137,-24.902,119435.664,320.6156999925469
37,1686017671.23,-41.504,70.801,-36.621,-32.227,119435.668,316.45211184116835
38,1686017671.24,-51.27,-80.078,-72.266,-31.738,119435.672,315.6037167207593
39,1686017671.24,-41.992,196.289,81.543,-15.625,119435.676,315.33674938702484
40,1686017671.24,-34.18,348.145,155.273,-13.672,119435.68,317.33949636534004
41,1686017671.25,-46.875,-198.242,-130.859,-26.367,119435.684,311.89427836603
42,1686017671.25,-53.711,-711.914,-257.812,-21.484,119435.688,314.6602797867392
43,1686017671.26,-41.992,-75.684,68.359,-3.418,119435.692,315.3364626234479
44,1686017671.26,-39.551,357.422,168.457,0.0,119435.696,313.40024985037337
45,1686017671.26,-44.434,-236.328,-139.648,-16.113,119435.699,317.4698323000647
46,1686017671.27,-56.152,-753.418,-259.277,-29.297,119435.703,311.7225837247341
47,1686017671.27,-59.082,-68.359,115.723,-24.414,119435.707,311.0556908702192
48,1686017671.29,-46.875,389.648,182.129,-17.578,119435.71,314.82207609951865
49,1686017671.29,-50.781,-208.008,-145.02,-39.551,119435.714,314.8491516553159
50,1686017671.3,-51.27,-287.109,-84.961,-49.316,119435.718,323.72116971145834
51,1686017671.3,-43.457,215.332,131.836,-28.809,119435.722,321.910307341371
52,1686017671.3,-38.086,269.531,121.094,-12.207,119435.726,315.23770178397695
53,1686017671.31,-46.387,-266.113,-150.879,-23.926,119435.73,316.26527729772204
54,1686017671.31,-55.664,-392.578,-176.758,-41.992,119435.733,316.2545278486006
55,1686017671.32,-52.246,139.648,117.188,-42.48,119435.737,313.27798540319554
56,1686017671.32,-29.297,186.035,86.426,-23.926,119435.741,314.6744469274903
57,1686017671.32,-20.508,-523.926,-244.141,-13.184,119435.745,320.5177150741715
58,1686017671.33,-41.016,-265.137,-60.059,-33.203,119435.749,308.00086949536166
59,1686017671.33,-43.945,78.125,78.125,-42.969,119435.753,314.75330132463324
60,1686017671.34,-41.016,-268.066,-69.336,-31.738,119435.759,320.92819746071757
61,1686017671.34,-44.434,-341.309,-19.043,-23.438,119435.763,313.6862890710849
62,1686017671.34,-45.41,105.957,119.629,-34.668,119435.767,323.4668250208623
63,1686017671.35,-47.363,237.793,64.453,-41.016,119435.771,321.50763698998986
64,1686017671.35,-41.016,7.812,2.93,-19.531,119435.775,320.45962890105096
65,1686017671.36,-35.156,-175.293,35.156,-7.812,119435.778,323.8408787902591
66,1686017671.36,-45.898,-62.988,59.082,-23.926,119435.782,314.0219826330858
67,1686017671.36,-50.293,230.957,112.305,-31.738,119435.786,319.76183087269175
68,1686017671.37,-46.387,-134.766,-74.707,-24.414,119435.79,317.3049895606772
69,1686017671.37,-50.293,-660.156,-155.762,-14.16,119435.794,318.7528878979006
70,1686017671.37,-55.664,-257.324,35.645,-18.555,119435.798,308.62216817500143
71,1686017671.38,-58.594,158.203,78.613,-38.574,119435.802,313.5623938864949
72,1686017671.38,-61.035,-268.555,-99.121,-29.297,119435.804,316.1913113221666
73,1686017671.38,-51.758,-401.367,-48.34,-9.277,119435.808,305.44887558097696
74,1686017671.39,-42.969,49.316,98.633,-17.578,119435.812,318.17907001759596
75,1686017671.39,-52.734,121.582,57.617,-41.016,119435.816,314.52631341523335
76,1686017671.4,-54.199,-312.012,-160.645,-48.828,119435.82,318.65269618521296
77,1686017671.4,-38.086,-395.996,-120.117,-15.137,119435.823,316.07352374966774
78,1686017671.4,-38.574,13.184,87.402,-12.207,119435.827,312.314920389679
79,1686017671.41,-55.176,224.121,105.469,-39.062,119435.831,324.3809311499127
80,1686017671.41,-51.27,-656.25,-332.031,-37.109,119435.835,321.3649537585556
81,1686017671.41,-36.621,-706.543,-203.125,-26.367,119435.839,317.3342789165905
82,1686017671.42,-34.18,322.754,247.559,-16.602,119435.843,313.1788347725287
83,1686017671.42,-43.945,270.996,74.707,-20.508,119435.847,314.91980671261865
84,1686017671.42,-41.992,-31.738,-43.945,-33.203,119435.845,315.1502719904692
85,1686017671.43,-41.992,188.477,110.352,-30.273,119435.849,318.6482353489922
86,1686017671.43,-41.016,406.738,169.434,-17.09,119435.853,312.28023047138026
87,1686017671.44,-40.039,259.766,65.43,-19.531,119435.857,315.39598848214115
88,1686017671.44,-51.758,-84.473,-0.488,-39.551,119435.861,312.76550431818185
89,1686017671.44,-49.805,-280.273,-123.047,-45.41,119435.865,322.59134661216063
90,1686017671.45,-39.062,-136.23,-5.859,-34.668,119435.868,316.12466785404405
91,1686017671.45,-42.969,-240.234,-38.086,-30.273,119435.872,317.7969953825156
92,1686017671.46,-54.688,-852.539,-366.699,-38.574,119435.876,319.1044507631915
93,1686017671.46,-65.918,-393.066,-56.641,-44.434,119435.88,318.8265320083321
94,1686017671.46,-65.918,38.574,102.539,-37.109,119435.884,315.0653852170321
95,1686017671.47,-52.246,-284.18,-38.086,-18.555,119435.888,322.82615248504425
96,1686017671.47,-51.27,-250.488,36.621,-30.273,119435.89,323.06769620623874
97,1686017671.47,-58.105,210.449,121.582,-60.547,119435.894,315.37801662201247
98,1686017671.48,-52.734,247.559,102.539,-50.781,119435.898,319.58599554295427
99,1686017671.48,-43.945,73.242,53.711,-31.738,119435.902,317.6622757679646
100,1686017671.48,-53.223,230.469,113.281,-27.832,119435.906,315.64539233213037
101,1686017671.49,-65.43,-11.23,1.465,-43.457,119435.91,316.6429253545671
102,1686017671.49,-54.688,-241.699,-59.57,-42.969,119435.913,314.07782731165537
103,1686017671.5,-48.34,-698.73,-257.324,-28.809,119435.917,311.3562031291041
104,1686017671.5,-59.082,-648.926,-137.695,-58.105,119435.921,329.81274140697576
105,1686017671.5,-59.082,239.258,171.875,-75.684,119435.925,317.5664146269939
106,1686017671.51,-49.805,208.496,60.059,-56.641,119435.929,316.01745192109905
107,1686017671.51,-21.973,24.902,40.039,-19.531,119435.933,318.4942405522462
108,1686017671.51,-6.836,348.633,159.668,6.348,119435.935,318.3473890205709
109,1686017671.52,-45.898,417.969,144.043,-36.133,119435.939,315.5498930468101
110,1686017671.52,-73.73,66.406,-36.133,-62.5,119435.943,319.07261903210883
111,1686017671.52,-61.523,-21.484,-35.156,-38.086,119435.947,316.26546827906725
112,1686017671.53,-39.062,259.277,116.211,-10.742,119435.951,317.5400626056626
113,1686017671.53,-41.016,91.797,5.371,-13.672,119435.955,315.21062719967125
114,1686017671.54,-59.082,-443.359,-262.695,-38.574,119435.959,318.35786208388896
115,1686017671.54,-62.5,-680.176,-228.516,-26.367,119435.963,315.11545177510453
116,1686017671.54,-54.199,50.293,127.93,4.395,119435.966,312.13444980361294
117,1686017671.55,-52.246,325.684,129.395,4.395,119435.97,314.459629431346
118,1686017671.55,-53.223,-311.035,-164.062,-7.324,119435.974,315.0953700100405
119,1686017671.56,-43.457,-496.582,-181.641,0.977,119435.978,317.7968106498814
120,1686017671.56,-25.879,127.93,132.812,27.344,119435.994,314.48466056873946
121,1686017671.56,-13.672,431.152,183.105,42.48,119435.998,311.66245184887225
122,1686017671.57,-28.809,-397.949,-259.277,34.668,119436.002,318.44922039326457
123,1686017671.57,-30.273,-685.059,-215.332,37.109,119436.006,320.81693868787283
124,1686017671.58,-13.184,187.012,200.195,43.457,119436.009,309.78060546985046
125,1686017671.58,-14.648,129.395,62.988,41.504,119436.013,312.79777208604344
126,1686017671.58,-22.461,-634.277,-309.082,29.297,119436.017,317.1252826163176
127,1686017671.59,-27.344,-429.688,-163.086,15.625,119436.021,309.5634529366475
128,1686017671.59,-12.207,310.059,189.941,26.855,119436.025,321.46306709828144
129,1686017671.59,2.441,304.688,124.023,56.152,119436.029,325.22503505503863
130,1686017671.6,-6.348,44.434,56.641,38.086,119436.033,315.25294623159374
131,1686017671.6,-20.996,145.02,74.707,4.883,119436.037,310.37296901157356
132,1686017671.6,-24.902,148.438,79.102,16.113,119436.038,323.39964431938995
133,1686017671.61,-25.391,-77.637,11.23,24.414,119436.042,314.84504143538555
134,1686017671.61,-32.715,-269.043,-41.992,-4.395,119436.046,317.1427210023345
135,1686017671.62,-48.828,76.66,71.777,-26.367,119436.05,308.67424473526285
136,1686017671.62,-47.363,267.578,99.609,-10.254,119436.054,321.80559377891757
137,1686017671.62,-41.016,-146.973,-39.551,5.371,119436.058,321.3212673059899
138,1686017671.63,-40.527,-411.621,-109.375,3.418,119436.062,316.2028129002268
139,1686017671.63,-48.34,8.789,65.918,-11.719,119436.066,317.1812933761056
140,1686017671.64,-55.664,221.68,105.957,-16.602,119436.07,307.4542297693978
141,1686017671.64,-42.969,-200.195,-93.75,-0.488,119436.074,327.43664397853973
142,1686017671.64,-32.715,-444.824,-127.441,12.695,119436.077,314.6976350257168
143,1686017671.65,-44.434,19.531,97.168,1.953,119436.081,316.8888728080791
144,1686017671.66,-39.551,193.848,77.148,-9.766,119436.085,316.4945775268936
145,1686017671.67,-27.832,-333.008,-166.992,4.395,119436.089,321.44423447965653
146,1686017671.67,-27.344,-394.531,-62.988,17.578,119436.093,320.13511268556874
147,1686017671.68,-30.762,-18.066,74.219,2.441,119436.097,315.6113869447567
148,1686017671.68,-34.18,49.316,34.668,-9.766,119436.101,309.53661588188845
149,1686017671.68,-29.785,-591.309,-291.992,2.93,119436.105,321.3599064738011
150,1686017671.69,-21.973,-740.234,-214.844,15.625,119436.109,323.87612418345464
151,1686017671.69,-23.438,185.547,165.527,9.277,119436.113,325.28456330036244
152,1686017671.7,-36.621,205.566,42.48,-8.789,119436.117,314.3192823971478
153,1686017671.7,-31.25,-239.258,-56.641,-2.441,119436.121,311.67255478025663
154,1686017671.7,-16.113,146.973,128.906,11.719,119436.124,318.77999296474457
155,1686017671.71,-12.695,444.824,187.012,11.719,119436.128,309.0950554428087
156,1686017671.71,-19.043,122.07,4.395,-2.93,119436.13,312.0874582979119
157,1686017671.71,-26.855,-111.328,-62.5,-13.184,119436.134,310.16618147863886
158,1686017671.72,-19.043,172.852,105.957,0.488,119436.138,316.9901577171774
159,1686017671.72,-12.695,406.25,165.039,12.695,119436.142,317.66979389535265
160,1686017671.72,-29.297,99.121,-26.367,-1.465,119436.146,314.9520653533903
161,1686017671.73,-42.48,-350.098,-148.926,-22.949,119436.15,319.1848257817845
162,1686017671.73,-38.086,-320.801,-54.199,-6.836,119436.154,320.820715108474
163,1686017671.74,-29.297,68.359,128.906,6.348,119436.158,320.5859652475658
164,1686017671.74,-29.785,-17.09,0.488,-12.207,119436.162,322.9398701971633
165,1686017671.74,-43.945,-880.859,-434.57,-22.461,119436.166,311.5010316872431
166,1686017671.75,-57.617,-594.727,-181.152,-24.902,119436.17,322.07513792870543
167,1686017671.75,-44.922,228.516,188.965,-11.719,119436.173,318.87629607024604
168,1686017671.75,-43.945,-109.375,-68.848,-3.906,119436.176,315.424757360419
169,1686017671.76,-66.406,-362.793,-124.023,-27.344,119436.18,319.5381060801398
170,1686017671.76,-65.918,137.207,103.027,-31.25,119436.183,327.58389773721296
171,1686017671.77,-43.457,249.023,121.582,6.348,119436.187,320.6656337053903
172,1686017671.77,-46.387,41.504,22.461,6.836,119436.191,315.9900998779868
173,1686017671.77,-69.824,-138.184,-34.668,-24.414,119436.195,314.9014045327669
174,1686017671.78,-76.66,-169.434,5.859,-27.832,119436.199,320.84069061342586
175,1686017671.78,-49.316,60.059,76.66,-7.324,119436.203,319.7322808550129
176,1686017671.78,-41.016,-617.188,-281.25,2.441,119436.207,313.7518889200618
177,1686017671.79,-46.875,-714.844,-190.918,-3.418,119436.211,312.9021949772708
178,1686017671.79,-43.457,132.812,142.09,-21.484,119436.215,316.7613319502756
179,1686017671.8,-40.527,145.508,69.336,-21.973,119436.219,319.0839436452605
180,1686017671.8,-35.645,8.789,81.543,-0.977,119436.234,315.30193571491895
181,1686017671.8,-41.992,223.633,123.047,-0.488,119436.238,317.87046276478264
182,1686017671.81,-50.293,258.301,79.59,-22.461,119436.241,318.47338282123513
183,1686017671.81,-43.457,54.199,7.324,-15.137,119436.245,317.21672448281134
184,1686017671.82,-33.691,61.523,114.258,-3.906,119436.249,311.9397526603506
185,1686017671.82,-39.551,-85.938,20.02,-14.16,119436.253,314.3037213642712
186,1686017671.82,-39.062,-172.363,-43.457,-35.156,119436.257,313.76322575752505
187,1686017671.83,-32.227,-351.562,-113.77,-32.227,119436.261,314.4293702100655
188,1686017671.83,-26.367,-580.078,-140.137,-0.977,119436.265,316.2825649517897
189,1686017671.83,-32.227,25.879,116.699,7.812,119436.269,314.9252871619741
190,1686017671.84,-39.551,17.09,19.043,-13.672,119436.273,314.7648694986169
191,1686017671.84,-41.504,-587.891,-312.5,-20.508,119436.277,322.1501267721707
192,1686017671.84,-39.062,-712.891,-224.121,1.465,119436.265,310.5959378968209
193,1686017671.85,-26.855,184.57,191.895,2.93,119436.269,315.93059605254695
194,1686017671.85,-34.668,394.531,121.582,-9.277,119436.273,312.10429826052564
195,1686017671.86,-48.828,-129.883,-83.984,-23.926,119436.277,321.08110831802446
196,1686017671.86,-44.922,36.133,53.711,-18.066,119436.281,321.72892974428436
197,1686017671.86,-39.062,154.297,108.398,-6.348,119436.285,314.0969085992274
198,1686017671.87,-34.668,-50.293,0.488,-19.043,119436.289,312.9383857340351
199,1686017671.87,-36.133,-611.328,-269.531,-21.484,119436.293,313.11743703487815
200,1686017671.88,-35.645,-416.016,-89.844,-16.113,119436.297,308.7771091715496
201,1686017671.88,-27.344,359.863,214.844,-13.672,119436.301,315.0154409861338
202,1686017671.88,-26.367,261.23,71.289,-21.973,119436.305,313.7269349077074
203,1686017671.89,-25.879,-108.398,-32.715,-31.25,119436.308,315.25585882680343
204,1686017671.89,-26.855,31.25,29.785,-29.785,119436.314,313.7508539598283
205,1686017671.89,-21.973,61.035,32.715,-10.742,119436.318,307.8236631804849
206,1686017671.9,-20.02,-159.668,-13.672,-0.488,119436.322,311.27744843220603
207,1686017671.9,-30.273,-309.57,-54.688,-21.484,119436.326,316.339881693818
208,1686017671.91,-42.969,-7.324,43.457,-36.621,119436.329,315.06176492753326
209,1686017671.91,-42.48,3.906,43.457,-19.531,119436.333,309.0300680788669
210,1686017671.91,-33.691,-249.512,-54.688,-5.371,119436.337,314.8263663419902
211,1686017671.92,-35.156,-589.355,-160.156,-15.625,119436.341,316.3878119360786
212,1686017671.92,-46.875,-46.875,68.359,-27.832,119436.345,310.55348380197506
213,1686017671.92,-50.293,297.363,120.605,-30.273,119436.349,317.87905834583523
214,1686017671.93,-45.898,-280.762,-97.168,-18.555,119436.353,314.2051448649339
215,1686017671.93,-41.016,-318.848,-61.035,-14.648,119436.357,316.2228910265329
216,1686017671.95,-32.715,284.18,150.391,-32.715,119436.37,308.7746687280437
217,1686017671.95,-41.992,285.156,95.215,-35.645,119436.374,314.86659010989024
218,1686017671.96,-47.363,30.273,12.695,-15.625,119436.378,312.9625386605416
219,1686017671.96,-41.504,164.062,68.848,-12.695,119436.382,312.61050871110604
220,1686017671.96,-42.48,32.715,36.621,-36.621,119436.386,318.701667798151
221,1686017671.97,-50.293,-188.477,-41.992,-44.922,119436.39,318.65509284143656
222,1686017671.97,-44.434,-709.961,-333.008,-18.066,119436.394,319.11820418981046
223,1686017671.98,-46.875,-697.266,-197.266,2.441,119436.398,312.48158239048905
224,1686017671.98,-43.945,427.734,161.621,-19.531,119436.415,314.6130588568693
225,1686017671.98,-62.012,145.996,159.668,-30.273,119436.402,314.91064687068877
226,1686017671.98,-45.898,44.922,-21.973,-26.855,119436.419,317.66818853690404
227,1686017671.98,-59.082,123.047,19.531,-41.504,119436.406,313.2670811374382
228,1686017671.99,-40.527,-90.82,-64.453,-23.438,119436.423,318.90880349314494
229,1686017671.99,-42.48,-96.191,-32.227,-14.16,119436.409,312.100579337126
230,1686017671.99,-39.062,237.305,119.141,-12.695,119436.427,314.97473001119334
231,1686017671.99,-30.762,297.852,149.414,-6.348,119436.413,315.2602558755735
232,1686017672.0,-37.598,361.816,140.137,-23.438,119436.431,313.04392314345677
233,1686017672.0,-46.387,-178.223,-171.387,-39.551,119436.435,311.41984696806486
234,1686017672.0,-55.664,-690.918,-234.863,-42.48,119436.438,320.2967479848997
235,1686017672.01,-48.828,-197.754,69.824,-30.273,119436.442,321.1648268029309
236,1686017672.01,-49.805,316.895,161.621,-28.809,119436.446,315.3744571504305
237,1686017672.01,-57.129,-164.062,-123.047,-44.922,119436.45,323.5906309434566
238,1686017672.02,-52.246,-1000.0,-541.504,-37.598,119436.454,313.1334833902569
239,1686017672.02,-54.199,-598.633,-161.621,-31.25,119436.458,322.9116334566836
240,1686017672.04,-51.758,249.512,215.82,-31.738,119436.46,321.6539498691701
241,1686017672.04,-54.688,33.691,0.977,-35.156,119436.464,318.3998798955132
242,1686017672.05,-61.035,-3.906,19.043,-43.457,119436.468,320.9642014816124
243,1686017672.05,-55.664,258.301,122.559,-39.062,119436.472,312.8550347159713
244,1686017672.06,-42.969,267.578,92.773,-20.996,119436.475,324.8394157795794
245,1686017672.06,-37.598,-222.168,-159.668,-21.973,119436.479,316.6475313127947
246,1686017672.06,-41.992,-312.012,-100.098,-37.598,119436.483,322.6922430576355
247,1686017672.07,-42.48,166.504,109.375,-44.922,119436.487,309.01808198085695
248,1686017672.07,-47.363,188.965,51.758,-40.039,119436.491,324.78235648659194
249,1686017672.07,-51.27,-636.719,-310.547,-31.738,119436.495,312.02286452784955
250,1686017672.08,-62.012,-509.766,-165.527,-58.594,119436.499,313.3189798097864
251,1686017672.08,-49.805,210.449,132.812,-47.363,119436.503,320.51146676289534
252,1686017672.08,-36.621,162.598,85.938,-20.508,119436.505,321.36018930603757
253,1686017672.09,-42.969,35.156,85.449,-27.344,119436.509,317.06252821406787
254,1686017672.09,-55.176,209.473,82.031,-39.551,119436.513,323.05023231059363
255,1686017672.1,-51.758,238.77,55.176,-47.852,119436.517,319.3770272562418
256,1686017672.1,-34.18,64.941,14.16,-30.762,119436.521,318.6607833493059
257,1686017672.1,-34.668,-192.383,-59.57,-18.066,119436.525,319.15182971721276
258,1686017672.11,-39.551,-278.32,-54.199,-28.809,119436.528,315.6696871088588
259,1686017672.11,-39.551,6.348,55.176,-39.062,119436.532,314.35390804745225
260,1686017672.12,-43.945,-164.062,-96.191,-32.715,119436.536,318.0723242133429
261,1686017672.12,-41.992,-664.551,-188.477,-11.23,119436.54,311.91994855673
262,1686017672.12,-50.293,-318.848,11.23,-23.438,119436.544,314.211395566725
263,1686017672.13,-61.523,39.062,51.758,-60.547,119436.548,312.6858277259308
264,1686017672.13,-64.941,-465.332,-235.352,-55.664,119436.55,311.67938336449316
265,1686017672.13,-53.711,-670.898,-178.711,-28.32,119436.554,316.22729963087215
266,1686017672.14,-39.551,220.215,205.078,-36.621,119436.558,313.9139966742793
267,1686017672.14,-45.41,334.961,117.188,-52.734,119436.562,303.1452082203933
268,1686017672.14,-49.805,-170.41,-44.922,-50.781,119436.566,310.23942187591996
269,1686017672.15,-41.016,-223.633,-19.043,-24.902,119436.57,312.6689713830494
270,1686017672.15,-42.48,69.824,100.586,-18.555,119436.574,323.336142593529
271,1686017672.16,-47.852,185.059,80.078,-40.039,119436.578,311.5838935043542
272,1686017672.16,-55.176,-623.047,-300.293,-37.598,119436.582,316.29770291550227
273,1686017672.16,-50.781,-364.746,-41.992,-25.391,119436.585,318.08076351644434
274,1686017672.17,-37.109,440.918,243.164,-16.113,119436.589,315.88178688345664
275,1686017672.17,-44.922,241.699,37.598,-13.672,119436.593,320.3080652646674
276,1686017672.18,-58.594,-35.156,-46.875,-23.926,119436.598,311.7984455037595
277,1686017672.18,-58.594,76.66,41.016,-15.137,119436.602,315.26355832674534
278,1686017672.18,-51.27,86.914,63.477,-7.324,119436.606,315.3601696639856
279,1686017672.19,-49.316,-105.957,-53.223,-10.254,119436.61,319.9293085826637
280,1686017672.19,-50.293,-333.984,-109.863,-16.602,119436.614,309.7483856571366
281,1686017672.2,-48.828,-295.898,-59.082,-18.555,119436.618,309.212342372939
282,1686017672.2,-52.734,-142.578,14.16,3.418,119436.622,308.2232031080109
283,1686017672.2,-45.41,-232.422,-40.527,15.625,119436.626,314.83062762305775
284,1686017672.21,-40.527,-575.195,-148.438,1.953,119436.63,311.66285766056194
285,1686017672.21,-50.293,-114.746,49.805,-10.254,119436.633,322.0090665177198
286,1686017672.21,-49.316,58.105,67.383,-6.836,119436.637,317.02569930206715
287,1686017672.22,-47.363,-297.852,-57.617,-4.395,119436.641,314.7283276300231
288,1686017672.22,-57.617,-307.129,-78.125,-17.09,119436.64,315.6905514743308
289,1686017672.22,-56.152,187.012,92.285,-18.066,119436.644,323.5864544926921
290,1686017672.23,-45.41,263.184,114.258,-8.789,119436.648,316.54798626140445
291,1686017672.23,-37.109,26.367,0.488,-4.395,119436.652,323.0090602663639
292,1686017672.24,-37.598,72.266,41.504,-9.766,119436.656,317.5743461280482
293,1686017672.24,-54.688,-119.629,-42.48,-32.715,119436.66,320.62156684443266
294,1686017672.24,-54.688,-260.742,-120.605,-25.391,119436.664,320.2274378659284
295,1686017672.25,-31.25,-678.711,-312.5,7.812,119436.667,325.4193649192572
296,1686017672.25,-41.992,-697.266,-190.918,-0.977,119436.671,320.1793616168223
297,1686017672.25,-61.523,99.121,159.18,-28.809,119436.675,314.46231549305645
298,1686017672.26,-53.223,147.949,65.43,-22.949,119436.679,317.788182756329
299,1686017672.26,-43.457,-8.789,17.09,-3.906,119436.683,319.68112202636934
300,1686017672.26,-37.598,293.945,125.488,-12.695,119436.699,308.6876644250318
301,1686017672.27,-40.039,334.473,132.324,-38.086,119436.703,316.12688044045717
302,1686017672.27,-46.387,-18.555,-14.648,-41.016,119436.707,315.728999545638
303,1686017672.28,-45.898,-32.715,-8.301,-16.602,119436.71,313.88384785031053
304,1686017672.28,-41.504,243.652,122.559,-0.977,119436.714,316.5974489328678
305,1686017672.28,-50.293,51.758,9.766,-20.02,119436.718,317.93108506866804
306,1686017672.29,-60.547,-420.898,-241.211,-38.574,119436.722,318.77179277685207
307,1686017672.29,-52.246,-778.809,-295.898,-22.949,119436.726,325.6905942849449
308,1686017672.3,-44.922,-92.285,63.965,-19.531,119436.73,316.3688730928098
309,1686017672.3,-57.129,418.457,184.57,-33.203,119436.734,321.7661868326109
310,1686017672.3,-68.848,-293.457,-174.805,-44.922,119436.738,317.11459604633757
311,1686017672.31,-53.223,-790.527,-307.129,-34.668,119436.742,319.44933286560166
312,1686017672.31,-41.504,68.359,131.836,-14.648,119436.744,312.80736142577814
313,1686017672.31,-51.758,427.246,175.781,-23.438,119436.748,319.46011966826364
314,1686017672.32,-53.711,-93.262,-98.633,-41.016,119436.752,320.84351316935056
315,1686017672.32,-54.688,-3.906,-1.953,-42.48,119436.756,324.4979768220727
316,1686017672.32,-42.969,308.105,144.531,-25.879,119436.759,317.64052211513297
317,1686017672.33,-25.879,78.125,43.457,-10.254,119436.763,323.5522191435684
318,1686017672.33,-48.34,-610.352,-302.734,-28.809,119436.767,325.5131034429292
319,1686017672.34,-61.035,-426.758,-162.109,-40.527,119436.771,327.12850655845233
320,1686017672.34,-37.598,303.711,189.941,-25.391,119436.775,316.21933703891375
321,1686017672.34,-24.902,201.66,56.641,-11.719,119436.779,324.40490886436965
322,1686017672.35,-39.062,-210.938,-53.711,-19.043,119436.783,323.4663193149335
323,1686017672.35,-52.734,2.93,55.176,-41.992,119436.787,325.1032870252975
324,1686017672.35,-42.969,304.199,122.559,-39.551,119436.789,322.9639124100016
325,1686017672.36,-33.203,92.285,23.438,-15.137,119436.793,327.7648366237417
326,1686017672.36,-54.688,-380.859,-88.379,-19.531,119436.797,322.7652193060273
327,1686017672.36,-66.406,-66.406,16.602,-44.922,119436.801,326.21774233461974
328,1686017672.37,-57.129,238.77,100.586,-43.457,119436.805,319.81721309661424
329,1686017672.37,-50.293,-177.734,-37.598,-23.926,119436.809,330.2842625493181
330,1686017672.38,-41.992,-556.641,-126.465,-20.508,119436.813,326.1066279566672
331,1686017672.38,-46.387,-41.016,78.613,-44.434,119436.817,329.990144791948
332,1686017672.38,-46.387,240.723,90.332,-43.457,119436.821,331.90753906324863
333,1686017672.39,-41.016,-68.848,-27.344,-14.648,119436.825,329.821167515041
334,1686017672.39,-49.805,-230.469,-15.137,-16.113,119436.828,327.9658917137701
335,1686017672.4,-52.246,101.562,99.609,-38.086,119436.832,325.5337818615633
336,1686017672.41,-54.199,127.441,11.23,-46.387,119436.835,325.02941870304187
337,1686017672.42,-48.828,-496.582,-306.152,-13.184,119436.839,327.612033301387
338,1686017672.42,-34.18,-645.508,-174.805,15.625,119436.843,325.3748924402582
339,1686017672.43,-39.551,121.094,144.043,-13.184,119436.847,327.19773514611126
340,1686017672.43,-46.387,27.344,-48.34,-37.109,119436.851,323.35097012815777
341,1686017672.43,-38.086,-483.398,-222.168,-29.785,119436.855,325.7051940894994
342,1686017672.44,-31.738,-258.789,-41.504,-5.371,119436.859,327.0597993417066
343,1686017672.44,-41.504,322.266,178.223,-7.324,119436.863,322.84105710948216
344,1686017672.44,-47.363,223.633,52.734,-25.391,119436.866,325.73397074713
345,1686017672.45,-34.18,-670.898,-310.547,-15.137,119436.87,318.7669614186814
346,1686017672.45,-25.391,-259.766,-10.254,-11.719,119436.874,321.96442128822997
347,1686017672.46,-27.832,446.289,206.055,-20.508,119436.878,323.64126925258716
348,1686017672.46,-32.227,134.277,-8.301,-26.855,119436.88,325.8822313704406
349,1686017672.46,-37.598,-104.98,-57.129,-32.227,119436.884,320.75677617225654
350,1686017672.47,-32.715,98.145,68.359,-13.672,119436.888,319.58044766358705
351,1686017672.47,-25.879,72.266,52.734,0.977,119436.892,320.88065017756855
352,1686017672.48,-35.645,-224.121,-83.984,-19.043,119436.896,324.19355294140337
353,1686017672.48,-51.27,-607.91,-207.52,-37.109,119436.9,321.93399641859685
354,1686017672.48,-41.992,-311.035,-33.203,-22.949,119436.903,323.3316321089815
355,1686017672.49,-46.387,242.188,138.184,-13.184,119436.907,325.00634572078036
356,1686017672.49,-51.758,-67.871,-67.383,-29.297,119436.911,324.6946634908615
357,1686017672.49,-46.875,-712.891,-211.426,-41.504,119436.915,323.639207731895
358,1686017672.5,-50.293,-426.758,-8.789,-36.133,119436.919,316.1181440299582
359,1686017672.5,-44.922,139.16,134.277,-14.648,119436.923,322.1066065993467
360,1686017672.5,-46.387,-156.738,-19.531,-11.719,119436.925,323.48396409101855
361,1686017672.51,-49.805,-309.57,-9.766,-36.621,119436.929,322.12270007792876
362,1686017672.51,-48.34,187.988,148.926,-36.133,119436.933,318.7586343058569
363,1686017672.52,-39.551,263.184,116.699,-11.23,119436.937,319.8769097328486
364,1686017672.52,-35.645,-115.723,-60.547,-9.766,119436.941,309.7344104035152
365,1686017672.52,-43.945,-229.004,-44.434,-32.715,119436.945,319.1493752041035
366,1686017672.53,-48.34,-194.336,-3.906,-33.203,119436.948,318.54327277051067
367,1686017672.53,-37.598,-169.922,13.184,-17.578,119436.952,313.73407919960005
368,1686017672.54,-34.18,-659.18,-243.652,0.488,119436.956,323.89278708040075
369,1686017672.54,-49.316,-693.359,-167.969,-11.23,119436.96,311.17688231215334
370,1686017672.54,-51.27,111.816,149.414,-35.156,119436.964,313.4589554450887
371,1686017672.55,-37.109,177.734,83.008,-23.926,119436.968,313.6015318587553
372,1686017672.55,-25.391,68.848,118.652,-3.906,119436.97,306.7687632344109
373,1686017672.55,-27.344,308.594,139.16,-7.812,119436.974,314.41731445266214
374,1686017672.56,-47.852,272.461,52.734,-39.062,119436.978,313.3415834218793
375,1686017672.56,-53.223,34.18,29.297,-39.062,119436.981,313.30143541943085
376,1686017672.56,-41.992,75.684,125.0,-14.16,119436.985,313.8190541539276
377,1686017672.57,-47.852,-36.133,43.457,-22.949,119436.989,313.27820142092855
378,1686017672.57,-49.316,-56.152,28.32,-37.109,119436.993,310.05239546416163
379,1686017672.58,-41.504,-223.145,-108.398,-18.555,119436.997,307.7823099860927
380,1686017672.58,-33.203,-795.41,-326.172,3.418,119437.001,305.67960301611373
381,1686017672.58,-35.156,-177.246,38.574,-2.93,119437.005,302.42967087973994
382,1686017672.59,-36.133,69.824,62.012,-8.301,119437.009,308.4654928328755
383,1686017672.59,-33.691,-365.723,-150.879,-18.555,119437.013,307.61310927709974
384,1686017672.59,-36.621,-284.18,-32.227,-11.719,119437.015,305.32178463156646
385,1686017672.6,-43.457,314.453,184.57,2.441,119437.019,303.38346278306847
386,1686017672.6,-46.875,452.148,142.09,-16.113,119437.023,302.1087123287537
387,1686017672.61,-47.363,-339.844,-230.957,-38.574,119437.027,307.2416694440198
388,1686017672.61,-51.758,-508.789,-166.992,-30.762,119437.031,311.4252881950543
389,1686017672.61,-46.387,-3.906,117.188,-10.742,119437.034,306.05326411924943
390,1686017672.62,-42.48,-36.621,33.691,-14.648,119437.038,304.7741048880878
391,1686017672.62,-42.969,-596.191,-274.414,-16.113,119437.042,304.78021275375636
392,1686017672.62,-49.805,-379.395,-72.266,-13.184,119437.046,297.743493966012
393,1686017672.63,-47.363,395.996,227.539,-12.207,119437.05,305.0843943664382
394,1686017672.63,-42.969,253.906,55.176,-12.695,119437.054,300.33209202610016
395,1686017672.64,-60.547,-240.723,-79.59,-42.48,119437.058,304.9814459797958
396,1686017672.64,-57.617,18.555,53.223,-49.316,119437.06,303.31407775780775
397,1686017672.64,-46.875,373.047,154.297,-25.391,119437.064,302.35001616516723
398,1686017672.65,-42.969,174.805,44.922,-14.648,119437.068,301.2787420711643
399,1686017672.65,-43.457,-86.426,-47.363,-25.391,119437.071,301.75514801520484
400,1686017672.66,-42.969,27.344,7.324,-32.715,119437.075,298.18642208845375
401,1686017672.66,-35.645,-41.504,4.883,-24.902,119437.079,306.28330391688803
402,1686017672.66,-31.738,-287.109,-78.125,-16.113,119437.083,301.6726685480093
403,1686017672.67,-33.203,-647.949,-215.82,-22.949,119437.087,294.4963212624086
404,1686017672.67,-37.598,-148.438,11.23,-28.32,119437.091,302.2303049493179
405,1686017672.67,-39.551,232.422,116.211,-17.578,119437.095,301.14721046387433
406,1686017672.68,-37.109,-226.562,-27.832,-7.812,119437.099,299.2994975936024
407,1686017672.68,-43.457,-291.992,-41.016,-15.137,119437.103,296.98571822918893
408,1686017672.68,-49.316,179.688,91.797,-45.898,119437.109,296.9862513285544
409,1686017672.69,-44.434,78.613,23.926,-41.504,119437.112,299.72116803094826
410,1686017672.69,-33.691,-362.793,-133.789,-9.277,119437.116,301.55169944690164
411,1686017672.7,-36.621,-75.684,42.48,-6.836,119437.12,309.73013556144343
412,1686017672.7,-51.27,317.383,161.621,-32.715,119437.124,294.6531356984449
413,1686017672.7,-55.176,-106.445,-109.375,-37.598,119437.128,290.86669104395287
414,1686017672.71,-46.387,-696.777,-324.707,-12.207,119437.132,297.8705611623894
415,1686017672.71,-32.715,-299.805,-1.465,12.695,119437.136,294.1680983103235
416,1686017672.72,-22.949,333.496,171.387,1.465,119437.14,299.04089477830496
417,1686017672.72,-31.738,157.715,20.996,-23.438,119437.144,296.4347351318164
418,1686017672.72,-31.25,-103.516,-46.875,-20.02,119437.148,301.8642908089742
419,1686017672.73,-22.949,99.609,84.961,-13.672,119437.152,299.9822679365102
420,1686017672.74,-28.809,341.797,142.578,-26.367,119437.167,298.954642918275
421,1686017672.75,-36.133,90.332,-7.324,-33.203,119437.171,308.9383646465803
422,1686017672.75,-36.133,-56.152,-45.41,-24.414,119437.175,297.7050143251542
423,1686017672.76,-34.18,201.172,85.938,-11.719,119437.179,299.3100975342902
424,1686017672.76,-43.945,98.633,62.5,-20.508,119437.183,305.9656068139126
425,1686017672.76,-53.223,-343.75,-201.66,-36.621,119437.186,299.96885513580366
426,1686017672.77,-51.758,-869.629,-435.059,-26.367,119437.19,299.925188738469
427,1686017672.77,-48.34,-259.766,-5.371,-10.254,119437.194,302.2687410263777
428,1686017672.78,-48.34,353.516,203.613,-11.23,119437.198,300.4878011180968
429,1686017672.78,-53.223,-44.434,-93.262,-40.039,119437.202,302.74471422025204
430,1686017672.78,-57.617,-313.965,-190.43,-53.711,119437.206,307.2318728215118
431,1686017672.79,-45.41,130.371,84.473,-26.855,119437.21,310.6570451033359
432,1686017672.79,-40.039,387.695,163.574,-21.484,119437.21,305.7100426882665
433,1686017672.79,-50.781,-138.184,-108.398,-39.551,119437.214,310.08711379169705
434,1686017672.8,-59.57,-178.711,-51.27,-52.246,119437.217,311.326872460254
435,1686017672.8,-53.223,259.766,152.832,-46.387,119437.221,311.07591219028075
436,1686017672.8,-43.945,291.504,105.957,-30.762,119437.225,308.95776825813783
437,1686017672.81,-41.992,-346.68,-244.629,-21.484,119437.229,317.90550804473395
438,1686017672.81,-38.574,-537.109,-236.816,-26.855,119437.233,313.5310001424874
439,1686017672.82,-39.551,-130.859,-0.488,-37.598,119437.237,306.47906302166604
440,1686017672.82,-56.152,160.645,113.77,-42.969,119437.241,319.5909348735751
441,1686017672.82,-71.777,-535.156,-270.02,-47.363,119437.245,310.40687652049854
442,1686017672.83,-64.453,-1000.0,-480.469,-49.316,119437.249,312.48785417983186
443,1686017672.83,-62.012,-198.73,23.438,-54.199,119437.253,311.55791156154646
444,1686017672.83,-55.664,245.117,158.691,-40.039,119437.256,307.83282532169034
445,1686017672.84,-56.641,121.094,131.348,-39.062,119437.26,305.5785926010201
446,1686017672.84,-62.988,265.137,116.699,-66.895,119437.264,317.28879552751806
447,1686017672.85,-57.129,252.441,52.246,-65.43,119437.268,321.6741505168161
448,1686017672.85,-44.922,85.449,7.812,-32.715,119437.272,321.0655377602141
449,1686017672.85,-39.551,-129.395,-6.348,-21.973,119437.276,325.85125940665154
450,1686017672.86,-43.945,-99.609,20.508,-32.715,119437.28,316.76127270015866
451,1686017672.86,-48.828,212.891,86.914,-46.387,119437.284,319.3895057525019
452,1686017672.86,-41.016,-97.656,-54.688,-33.203,119437.287,326.0990478124392
453,1686017672.87,-31.25,-782.715,-280.273,-17.09,119437.291,324.46275297534714
454,1686017672.87,-39.551,-392.578,-51.758,-32.715,119437.295,320.7921234166152
455,1686017672.88,-45.898,181.641,129.883,-39.551,119437.299,332.2230859027273
456,1686017672.88,-42.969,-243.652,-143.066,-29.785,119437.3,328.46493148349043
457,1686017672.88,-39.062,-559.082,-149.414,-19.531,119437.304,330.8145504793177
458,1686017672.89,-42.48,218.262,178.711,-24.414,119437.308,321.5245868684577
459,1686017672.89,-52.734,344.727,88.867,-32.227,119437.312,332.4281882172793
460,1686017672.9,-48.828,-122.559,-78.613,-27.832,119437.316,332.7540200186877
461,1686017672.9,-36.133,-209.961,-27.832,-17.09,119437.32,328.68245028994005
462,1686017672.9,-30.273,32.227,83.496,-19.531,119437.324,331.99389242400173
463,1686017672.91,-30.273,210.449,56.152,-27.832,119437.327,327.6592257362893
464,1686017672.91,-34.668,-540.039,-287.109,-34.668,119437.331,334.50407514506514
465,1686017672.91,-30.273,-363.77,-65.918,-26.855,119437.335,333.0034935295927
466,1686017672.92,-22.461,451.172,210.449,-9.277,119437.339,327.05945008253633
467,1686017672.92,-33.691,174.805,11.719,-24.414,119437.343,334.85453609041684
468,1686017672.92,-43.945,-246.094,-74.707,-48.34,119437.345,333.84728955197687
469,1686017672.93,-33.203,98.633,92.285,-38.086,119437.349,342.4089084562763
470,1686017672.93,-28.32,398.926,154.297,-10.742,119437.353,333.730954833226
471,1686017672.94,-30.762,184.57,7.324,-10.742,119437.357,336.02909522027477
472,1686017672.94,-40.527,-125.977,-76.172,-36.133,119437.36,340.15494450749503
473,1686017672.94,-46.875,-234.375,-115.723,-38.574,119437.364,336.0921092635104
474,1686017672.95,-38.574,-142.09,-83.496,-20.996,119437.368,342.61133174462867
475,1686017672.95,-38.574,-248.047,-91.309,-17.578,119437.372,338.6290801877594
476,1686017672.96,-52.734,-640.137,-228.027,-28.809,119437.376,338.53732411968036
477,1686017672.96,-53.223,-199.707,-10.254,-32.715,119437.38,338.8388725763086
478,1686017672.96,-40.527,24.902,71.289,-19.531,119437.384,339.03498182310324
479,1686017672.97,-34.668,-262.207,-60.547,-14.648,119437.388,339.36995338474054
480,1686017672.97,-44.434,-299.805,-81.543,-31.738,119437.394,341.24637651730717
481,1686017672.97,-46.387,118.652,52.734,-44.434,119437.398,339.02048539934583
482,1686017672.98,-43.945,59.082,18.555,-29.297,119437.402,342.56647480336187
483,1686017672.98,-46.875,-323.242,-132.324,-12.695,119437.406,342.2696637092988
484,1686017672.99,-41.504,-111.816,2.93,-21.973,119437.41,337.76590663788244
485,1686017672.99,-44.922,-40.527,8.789,-40.039,119437.414,345.35294097692474
486,1686017672.99,-45.898,-220.703,-89.355,-36.621,119437.418,335.4406534849478
487,1686017673.0,-40.527,-537.109,-211.914,-15.625,119437.421,336.8950623309391
488,1686017673.0,-40.527,-260.742,7.324,-14.16,119437.425,343.71063614100274
489,1686017673.0,-43.457,347.168,176.758,-42.969,119437.429,340.92801579253296
490,1686017673.01,-47.852,169.434,28.809,-41.992,119437.433,336.6830660971143
491,1686017673.01,-43.457,-25.391,0.488,-18.066,119437.437,338.4187464212037
492,1686017673.01,-45.41,260.742,102.051,-27.832,119437.435,342.7974221192164
493,1686017673.02,-51.27,311.035,84.961,-45.898,119437.439,338.85108155834257
494,1686017673.02,-49.316,21.973,-9.277,-36.621,119437.443,337.3558977608799
495,1686017673.03,-38.574,-11.23,5.371,-12.207,119437.447,334.8025996285596
496,1686017673.03,-28.809,180.664,71.289,-3.418,119437.451,338.72107492336175
497,1686017673.03,-36.133,18.066,-4.395,-14.16,119437.454,342.5892134436845
498,1686017673.04,-50.781,-392.09,-248.047,-31.738,119437.458,339.8016664266533
499,1686017673.04,-55.664,-868.164,-405.762,-17.578,119437.462,335.55330305235987
500,1686017673.04,-44.434,-211.426,8.789,-2.441,119437.466,346.10822745302215
501,1686017673.05,-40.527,336.426,156.25,-14.648,119437.47,345.3908358737052
502,1686017673.05,-45.898,-304.688,-181.152,-35.156,119437.474,343.21486371745345
503,1686017673.06,-47.363,-478.027,-131.836,-40.527,119437.478,336.5801734730801
504,1686017673.06,-41.992,268.066,181.641,-18.555,119437.494,336.1351128022832
505,1686017673.06,-38.574,430.664,154.297,-16.113,119437.498,332.3733118243883
506,1686017673.07,-39.062,-70.801,-68.848,-34.18,119437.502,338.6877638096993
507,1686017673.07,-41.016,30.273,8.789,-36.621,119437.506,339.83242256084276
508,1686017673.08,-44.434,347.656,133.301,-22.461,119437.509,342.5157512108585
509,1686017673.08,-36.133,21.973,-6.348,-8.301,119437.513,335.71522575225737
510,1686017673.08,-38.574,-645.996,-351.074,-14.648,119437.517,340.6095393448243
511,1686017673.09,-57.129,-623.047,-318.848,-33.691,119437.521,344.4884826643325
512,1686017673.09,-55.664,72.754,82.031,-30.273,119437.525,333.2518601459378
513,1686017673.09,-37.598,249.512,105.957,-17.09,119437.529,336.153613273122
514,1686017673.1,-42.48,-316.895,-149.414,-21.484,119437.533,341.0639402353521
515,1686017673.1,-59.57,-87.402,-3.906,-35.645,119437.537,335.69366934327354
516,1686017673.1,-56.641,307.129,130.371,-29.785,119437.539,342.9527789151289
517,1686017673.11,-53.223,198.73,51.758,-19.531,119437.543,330.3504339216416
518,1686017673.11,-51.758,39.062,36.621,-31.738,119437.547,339.8591415276056
519,1686017673.12,-57.617,110.84,49.805,-43.457,119437.551,329.91775592201736
520,1686017673.12,-61.035,191.895,41.992,-36.133,119437.555,332.73316809782955
521,1686017673.12,-49.316,-134.766,-50.781,-7.324,119437.559,335.5429146691303
522,1686017673.13,-45.898,-380.859,-91.797,-6.348,119437.563,336.6019310577723
523,1686017673.13,-52.246,13.184,48.34,-29.785,119437.567,333.02271403246715
524,1686017673.14,-60.059,244.141,87.402,-37.598,119437.571,336.69546246829856
525,1686017673.14,-54.199,-156.738,-95.703,-24.414,119437.574,331.96466281518667
526,1686017673.14,-44.434,-608.398,-178.223,-19.531,119437.578,334.17669607390036
527,1686017673.15,-43.945,-345.703,-5.371,-28.809,119437.582,335.2375628263521
528,1686017673.16,-41.016,26.367,69.336,-29.297,119437.586,328.3638356033508
529,1686017673.17,-41.992,-292.969,-139.16,-4.883,119437.59,328.2206937949633
530,1686017673.17,-46.387,-557.129,-146.973,4.395,119437.594,330.38720895646105
531,1686017673.18,-45.898,186.035,130.371,-22.949,119437.598,331.4007256168181
532,1686017673.18,-47.852,270.996,46.387,-29.785,119437.602,332.3139430536436
533,1686017673.18,-49.316,-352.051,-207.031,-12.695,119437.606,327.8793437426705
534,1686017673.19,-47.852,-222.656,-46.875,1.465,119437.61,337.2197528169287
535,1686017673.19,-45.41,337.402,161.621,-5.371,119437.614,331.1103031349882
536,1686017673.2,-56.152,200.684,22.949,-29.785,119437.618,329.6874266028035
537,1686017673.2,-59.57,-597.656,-298.34,-36.621,119437.622,325.55800115613323
538,1686017673.2,-52.734,-221.191,-27.832,-19.043,119437.625,328.2642213910652
539,1686017673.21,-47.363,444.336,206.055,-13.184,119437.629,328.50958883079136
540,1686017673.21,-50.781,52.246,-55.176,-31.738,119437.63,327.45224104420026
541,1686017673.21,-50.781,-280.762,-127.441,-48.34,119437.634,327.5304261740845
542,1686017673.22,-41.504,81.055,64.941,-35.156,119437.638,332.05198156730654
543,1686017673.22,-44.434,344.238,116.211,-34.18,119437.642,321.20711109864976
544,1686017673.22,-48.34,53.223,-39.062,-41.504,119437.645,321.0908766100352
545,1686017673.23,-58.594,-444.336,-222.168,-40.527,119437.649,317.9655078466852
546,1686017673.23,-57.129,-296.387,-106.934,-40.527,119437.653,324.7062249173802
547,1686017673.24,-39.551,251.465,136.719,-31.738,119437.657,313.42950643800623
548,1686017673.24,-43.457,0.0,-64.453,-31.25,119437.661,321.7200690101408
549,1686017673.24,-56.641,-861.328,-438.477,-41.016,119437.665,315.14415988020454
550,1686017673.25,-48.34,-524.414,-158.691,-38.574,119437.669,319.20512330120505
551,1686017673.25,-33.691,233.887,163.574,-18.066,119437.673,316.32788881265355
552,1686017673.25,-41.992,-91.309,-93.75,-27.344,119437.676,320.03783761175964
553,1686017673.26,-53.711,-340.332,-138.184,-42.48,119437.679,312.8133049338708
554,1686017673.26,-28.32,124.512,78.613,-25.391,119437.683,326.71376746359715
555,1686017673.27,-29.297,73.73,24.414,-16.602,119437.687,319.67525904695464
556,1686017673.27,-67.871,-346.191,-183.594,-39.551,119437.691,316.84915423876436
557,1686017673.27,-78.125,-432.617,-222.168,-56.152,119437.695,311.06032426450776
558,1686017673.28,-68.359,-151.855,-68.359,-54.199,119437.699,319.3377895978845
559,1686017673.28,-68.848,111.816,51.27,-56.152,119437.703,315.11960854310337
560,1686017673.28,-77.637,-448.73,-195.312,-62.988,119437.707,314.6418537645776
561,1686017673.29,-77.637,-345.215,-43.457,-71.777,119437.711,305.69286254327295
562,1686017673.29,-79.59,282.715,154.785,-76.172,119437.715,313.742303964798
563,1686017673.3,-80.078,123.535,15.137,-64.941,119437.719,309.5793832774857
564,1686017673.3,-58.105,-26.367,-11.23,-32.227,119437.72,312.2533254890782
565,1686017673.3,-47.363,209.961,72.266,-41.016,119437.724,317.3064522367358
566,1686017673.31,-58.594,245.117,45.898,-63.965,119437.728,302.12156109852003
567,1686017673.31,-61.035,28.809,-48.34,-49.805,119437.732,314.2052797595337
568,1686017673.32,-45.41,-25.391,-49.316,-24.414,119437.735,305.75327742717536
569,1686017673.32,-47.363,-135.254,-27.832,-24.414,119437.739,307.7445110403376
570,1686017673.32,-65.918,-204.102,-75.195,-42.48,119437.743,303.7228367498822
571,1686017673.33,-57.129,-386.23,-229.98,-39.551,119437.747,305.95477389269115
572,1686017673.33,-47.363,-832.52,-370.605,-23.438,119437.751,309.0573222940409
573,1686017673.33,-53.711,-307.129,-28.809,-29.297,119437.755,306.6122159244311
574,1686017673.34,-58.594,-18.555,71.777,-46.387,119437.759,306.7609417636531
575,1686017673.34,-60.547,-420.41,-169.434,-45.898,119437.763,310.5033077900772
576,1686017673.34,-45.41,-405.273,-103.516,-21.973,119437.765,295.1733897190057
577,1686017673.35,-45.41,270.508,164.062,-11.719,119437.769,294.6231702956324
578,1686017673.35,-53.223,340.82,110.352,-33.203,119437.773,304.4245764235011
579,1686017673.36,-57.129,-153.809,-110.84,-39.551,119437.777,298.0231227482934
580,1686017673.36,-49.805,15.625,8.789,-19.531,119437.78,301.980557363468
581,1686017673.36,-39.062,125.0,94.727,-7.324,119437.784,302.29144392091035
582,1686017673.37,-49.316,-119.629,-15.625,-30.762,119437.788,301.7677474227324
583,1686017673.37,-49.316,-635.742,-314.453,-36.621,119437.792,293.61453863233356
584,1686017673.38,-46.387,-565.918,-214.844,-26.367,119437.796,294.85860658818433
585,1686017673.38,-44.922,234.863,197.754,-15.137,119437.8,292.0116507670095
586,1686017673.38,-41.016,286.621,102.539,-9.277,119437.804,300.464632238881
587,1686017673.39,-44.922,-351.074,-173.34,-28.32,119437.808,295.87146676440426
588,1686017673.39,-49.316,-63.477,-5.859,-40.527,119437.81,293.2257733952675
589,1686017673.39,-41.992,375.488,152.832,-24.902,119437.814,292.2691249151768
590,1686017673.4,-37.109,244.141,95.215,-11.719,119437.818,295.7916350957901
591,1686017673.4,-48.34,86.914,79.59,-30.273,119437.822,289.88370585724135
592,1686017673.4,-58.105,101.562,54.688,-45.898,119437.826,288.49126973952616
593,1686017673.41,-44.434,-33.691,12.695,-20.996,119437.829,297.2011931445773
594,1686017673.41,-33.203,-275.879,-76.66,-7.324,119437.833,284.8191533671435
595,1686017673.42,-37.598,-654.785,-228.027,-15.137,119437.837,288.8019945843394
596,1686017673.42,-39.062,-125.0,14.16,-29.297,119437.841,290.7190244986675
597,1686017673.42,-39.062,240.723,114.258,-28.809,119437.845,290.39409939247975
598,1686017673.43,-32.227,-395.02,-134.766,-9.766,119437.849,294.153087709819
599,1686017673.43,-33.691,-655.762,-163.574,-14.648,119437.853,287.91504078088224
600,1686017673.43,-48.828,72.754,97.656,-43.945,119437.856,288.03269695222014
601,1686017673.44,-45.898,300.293,108.398,-42.969,119437.86,291.3960225521548
602,1686017673.44,-33.203,-80.078,-49.805,-17.578,119437.864,275.9503402319353
603,1686017673.45,-39.062,90.332,54.688,-20.02,119437.868,279.4418984366458
604,1686017673.45,-49.805,315.918,140.625,-46.387,119437.872,286.2501803390711
605,1686017673.45,-47.363,-62.012,-89.355,-47.852,119437.876,273.22589499720516
606,1686017673.46,-42.969,-626.953,-297.363,-25.879,119437.88,264.5969577006663
607,1686017673.46,-48.34,-339.355,-0.977,-23.438,119437.884,271.42098805696514
608,1686017673.46,-56.641,270.996,153.809,-39.551,119437.887,267.8341872517444
609,1686017673.47,-53.711,134.766,18.066,-42.48,119437.891,274.1712115328125
610,1686017673.47,-41.016,-62.988,-15.137,-21.973,119437.895,269.71907714281207
611,1686017673.48,-44.434,259.766,127.441,-10.254,119437.899,274.2561535223924
612,1686017673.48,-50.781,438.965,167.48,-22.461,119437.913,266.2772472192534
613,1686017673.48,-42.48,45.898,-51.758,-31.25,119437.917,258.58228783798427
614,1686017673.49,-45.41,-240.234,-107.91,-23.926,119437.921,259.2232882988263
615,1686017673.49,-54.199,190.43,106.445,-5.859,119437.925,262.82256107834223
616,1686017673.5,-50.293,407.227,145.996,-8.789,119437.929,269.23543789162295
617,1686017673.5,-53.711,-175.293,-145.996,-31.738,119437.933,259.98544804024766
618,1686017673.5,-58.105,-874.023,-421.875,-34.18,119437.937,255.60504057115844
619,1686017673.51,-28.32,-183.594,8.789,-7.324,119437.941,263.00020886639317
620,1686017673.51,-2.93,484.375,212.402,19.043,119437.945,267.45922582385094
621,1686017673.52,-38.574,15.137,-90.332,-14.16,119437.949,267.7358504038097
622,1686017673.52,-80.566,-323.242,-152.832,-53.711,119437.953,256.5806632796268
623,1686017673.52,-68.848,152.832,117.188,-30.762,119437.956,258.1617469260342
624,1686017673.54,-51.27,447.266,149.414,-9.277,119437.969,246.40004763447578
625,1686017673.54,-69.336,-120.605,-148.438,-30.762,119437.973,249.55713435779228
626,1686017673.55,-74.707,-272.949,-74.707,-44.922,119437.977,250.61344025617646
627,1686017673.55,-66.895,133.301,86.426,-25.391,119437.981,249.7408092632754
628,1686017673.56,-64.941,39.551,39.062,-14.16,119437.984,248.98808273729296
629,1686017673.56,-62.5,-617.676,-305.176,-18.555,119437.988,247.5869399587322
630,1686017673.56,-63.477,-718.75,-246.582,-32.715,119437.992,248.9125871588711
631,1686017673.57,-60.547,82.52,131.836,-39.062,119437.996,252.32943707663034
632,1686017673.57,-52.246,175.781,71.289,-21.973,119438.0,256.6917616457685
633,1686017673.57,-53.223,-123.047,4.395,-23.438,119438.004,252.2549781449692
634,1686017673.58,-62.988,53.711,42.48,-48.34,119438.008,250.12638753944117
635,1686017673.58,-71.777,123.535,74.707,-47.852,119438.012,245.03669640182972
636,1686017673.58,-67.871,97.168,61.035,-38.086,119438.005,255.61190866229
637,1686017673.59,-52.734,-12.207,-20.508,-33.691,119438.009,261.33866765940246
638,1686017673.59,-58.105,120.605,43.945,-41.504,119438.013,243.9610391677537
639,1686017673.6,-57.129,212.891,81.055,-54.688,119438.017,256.53643376411037
640,1686017673.6,-45.41,63.965,13.672,-40.039,119438.021,252.60707788040133
641,1686017673.6,-36.621,-189.941,-84.473,-19.531,119438.025,254.8565892638954
642,1686017673.61,-42.48,-322.266,-104.98,-25.879,119438.028,259.82854557462787
643,1686017673.61,-47.852,-184.57,-40.527,-37.109,119438.032,257.050077401923
644,1686017673.62,-38.574,-237.305,-80.078,-21.973,119438.036,246.9034949641335
645,1686017673.62,-29.785,-855.957,-349.121,-2.441,119438.04,254.15186813706393
646,1686017673.62,-31.25,-519.531,-93.75,-17.578,119438.044,262.9656039688158
647,1686017673.63,-39.551,123.535,146.973,-37.109,119438.048,261.07034154365795
648,1686017673.63,-38.086,-237.305,-128.418,-31.25,119438.05,264.52104781463225
649,1686017673.63,-17.09,-343.75,-78.613,-1.465,119438.054,257.92788528456595
650,1686017673.64,-20.02,294.922,171.875,2.441,119438.058,260.79427182345
651,1686017673.64,-41.992,287.598,83.008,-26.855,119438.062,263.15541668143715
652,1686017673.64,-40.527,-179.688,-67.871,-32.715,119438.066,263.56668395981933
653,1686017673.65,-26.855,-269.531,-28.809,-11.23,119438.07,261.5009066908699
654,1686017673.65,-23.438,49.316,106.934,-8.301,119438.074,267.9901347373203
655,1686017673.66,-38.086,202.637,86.914,-29.785,119438.078,269.36898670571804
656,1686017673.66,-51.27,-592.285,-322.266,-40.039,119438.082,260.0406322530623
657,1686017673.66,-41.016,-623.047,-196.777,-22.461,119438.085,262.8113741316817
658,1686017673.67,-34.18,264.16,208.008,-9.277,119438.089,265.0237165999153
659,1686017673.67,-39.062,237.793,56.641,-23.438,119438.093,263.36787812799037
660,1686017673.67,-41.992,-280.762,-85.938,-42.969,119438.095,270.46108124235496
661,1686017673.68,-43.457,30.273,77.637,-25.879,119438.099,271.21365419322916
662,1686017673.68,-37.109,406.738,159.18,1.953,119438.103,272.073569994953
663,1686017673.69,-35.645,218.75,43.945,1.953,119438.107,277.1701628380438
664,1686017673.69,-44.434,-75.684,-65.918,-20.508,119438.111,268.66916273648127
665,1686017673.69,-48.34,-253.418,-73.73,-16.113,119438.115,267.10214380547137
666,1686017673.7,-43.457,-94.238,38.574,4.395,119438.119,274.86686817670795
667,1686017673.7,-36.133,-65.918,-23.438,-0.488,119438.123,272.49454571442743
668,1686017673.7,-41.016,-604.004,-232.91,-10.742,119438.126,271.6236107203872
669,1686017673.71,-51.27,-227.051,-10.254,-9.277,119438.13,276.76166646738136
670,1686017673.71,-40.527,7.812,90.82,7.324,119438.134,273.84958093433374
671,1686017673.72,-32.715,-354.492,-81.543,2.441,119438.138,277.0134624065805
672,1686017673.72,-44.434,-525.391,-140.625,-17.578,119438.141,273.3535037209923
673,1686017673.72,-45.41,56.641,86.914,-22.949,119438.145,283.22409638911705
674,1686017673.73,-34.18,307.617,119.629,-9.277,119438.149,278.9051474846619
675,1686017673.73,-32.227,-166.504,-78.125,4.395,119438.152,286.80047092557123
676,1686017673.74,-41.504,-158.203,1.465,-16.602,119438.156,287.9770683269907
677,1686017673.74,-51.758,-86.426,15.625,-34.18,119438.16,285.4960057778272
678,1686017673.74,-42.969,-226.562,-71.289,-16.113,119438.164,285.75750184494916
679,1686017673.75,-35.156,-513.672,-195.801,13.184,119438.168,282.22487978309977
680,1686017673.75,-41.992,-318.359,-8.301,0.977,119438.172,277.8624398190103
681,1686017673.75,-53.711,245.117,152.832,-35.645,119438.176,281.7467123185896
682,1686017673.76,-57.129,131.836,41.504,-38.086,119438.18,287.60244006838525
683,1686017673.76,-47.363,6.348,18.555,-15.137,119438.184,281.4844880636694
684,1686017673.76,-49.805,267.578,126.953,-15.625,119438.199,292.54946282682823
685,1686017673.77,-63.965,320.312,123.047,-33.203,119438.203,284.49350887835857
686,1686017673.77,-57.617,-48.828,-73.73,-32.715,119438.207,296.5131394854845
687,1686017673.78,-44.922,-130.371,-53.223,-18.555,119438.21,284.6599821058871
688,1686017673.78,-49.805,216.309,128.906,-16.602,119438.214,287.0487382323225
689,1686017673.78,-62.012,53.223,43.945,-36.133,119438.218,305.65076283644316
690,1686017673.79,-55.664,-420.898,-225.586,-43.457,119438.222,286.34806190151835
691,1686017673.79,-41.504,-859.863,-379.883,-22.461,119438.226,292.59283125657316
692,1686017673.8,-43.945,-152.344,43.457,-17.09,119438.23,287.3030341722014
693,1686017673.8,-40.527,393.066,207.52,-28.32,119438.234,289.6764682178691
694,1686017673.8,-38.574,-313.477,-147.949,-35.645,119438.238,295.32839864794875
695,1686017673.81,-37.598,-566.406,-163.086,-41.016,119438.242,285.3362326751101
696,1686017673.81,-37.598,199.707,158.691,-23.926,119438.244,294.7951420383232
697,1686017673.81,-41.992,424.316,152.832,-11.23,119438.248,296.8384893427272
698,1686017673.82,-43.457,-48.828,-76.66,-28.809,119438.252,305.1323820922948
699,1686017673.82,-44.922,-2.441,4.883,-37.109,119438.256,297.25799318355456
700,1686017673.82,-37.598,243.652,121.582,-20.996,119438.26,301.47484728141234
701,1686017673.83,-37.598,36.621,19.531,-26.855,119438.264,299.35833567727883
702,1686017673.83,-41.992,-688.965,-351.074,-41.992,119438.268,296.5304824400705
703,1686017673.84,-46.875,-714.844,-234.375,-39.551,119438.272,300.0324281089888
704,1686017673.84,-34.668,163.086,169.434,-15.625,119438.275,295.2130507052014
705,1686017673.84,-34.18,220.215,48.34,-11.23,119438.279,294.3667832633346
706,1686017673.85,-47.852,-172.363,-45.898,-33.691,119438.283,292.990566777418
707,1686017673.85,-43.945,48.828,60.547,-32.227,119438.287,304.30674437348927
708,1686017673.85,-45.41,283.691,116.699,-26.855,119438.289,304.25128751117444
709,1686017673.86,-53.711,174.316,59.57,-24.414,119438.293,302.4895370473824
710,1686017673.86,-50.293,-1.465,-21.484,-29.785,119438.297,295.0711439037215
711,1686017673.87,-60.547,85.449,27.344,-49.805,119438.301,304.4810051874694
712,1686017673.87,-52.246,158.691,62.988,-45.898,119438.305,296.88147408195226
713,1686017673.87,-28.809,-222.656,-89.355,-24.902,119438.309,307.6798469599684
714,1686017673.88,-35.645,-464.355,-95.703,-20.02,119438.313,304.26634491379536
715,1686017673.88,-43.945,-183.594,-26.367,-25.391,119438.317,309.727494733029
716,1686017673.88,-53.223,-59.082,-30.762,-36.133,119438.321,307.80898006388543
717,1686017673.89,-52.246,-165.527,-58.594,-28.32,119438.325,310.9562711973307
718,1686017673.89,-39.062,-843.262,-354.004,-18.555,119438.329,311.8593325015673
719,1686017673.9,-44.434,-339.844,-22.461,-35.645,119438.332,310.6375997520884
720,1686017673.91,-53.711,211.914,140.137,-47.852,119438.335,319.09052942570713
721,1686017673.92,-35.156,-80.078,-67.871,-29.785,119438.339,313.4390784605817
722,1686017673.92,-26.367,139.16,79.102,-25.879,119438.343,312.91302090316094
723,1686017673.93,-42.969,357.422,137.207,-43.945,119438.347,316.5454001670695
724,1686017673.93,-52.246,98.145,3.418,-49.805,119438.351,316.85333773923645
725,1686017673.93,-41.504,-421.387,-232.422,-28.809,119438.355,313.51764136989647
726,1686017673.94,-35.156,-340.332,-88.379,-11.23,119438.359,327.1703895542143
727,1686017673.94,-49.316,240.234,172.852,-30.273,119438.363,325.955848044759
728,1686017673.94,-57.129,175.781,57.617,-42.969,119438.366,325.43387458013854
729,1686017673.95,-51.758,-687.988,-315.43,-27.832,119438.37,332.3214297794993
730,1686017673.95,-55.176,-560.547,-122.07,-14.16,119438.374,330.0075320975114
731,1686017673.96,-57.617,258.301,202.637,-27.344,119438.378,328.01828615212236
732,1686017673.96,-57.129,73.73,-9.766,-45.41,119438.38,329.1135142977581
733,1686017673.96,-67.871,-534.18,-131.836,-42.969,119438.384,327.6052756627083
734,1686017673.97,-53.223,-42.48,80.566,-21.973,119438.388,338.78694063996164
735,1686017673.97,-31.25,436.523,178.223,-4.883,119438.392,342.18796217419435
736,1686017673.98,-42.48,147.461,35.156,-26.855,119438.396,331.27742099022197
737,1686017673.98,-57.129,-336.426,-176.27,-40.039,119438.399,340.48889103813326
738,1686017673.98,-48.828,-218.262,-53.223,-27.832,119438.403,344.3044900367323
739,1686017673.99,-29.785,241.211,104.492,-15.625,119438.407,340.8061406982565
740,1686017673.99,-44.434,-27.832,-50.781,-26.855,119438.411,341.5454318573004
741,1686017673.99,-65.43,-725.098,-263.672,-47.852,119438.415,338.18827889307767
742,1686017674.0,-57.129,-500.0,-165.039,-35.156,119438.419,346.68211973654303
743,1686017674.0,-45.41,115.234,130.859,-14.648,119438.423,343.784667924968
744,1686017674.0,-40.527,-185.547,-84.473,-21.484,119438.425,347.7695918088515
745,1686017674.01,-44.434,-660.645,-213.867,-35.645,119438.429,341.8847028811714
746,1686017674.01,-42.48,22.949,127.441,-31.25,119438.433,343.158015839865
747,1686017674.02,-32.715,345.703,141.602,-3.906,119438.437,343.61826128753233
748,1686017674.02,-23.438,-98.145,-89.844,12.695,119438.441,345.83578357003614
749,1686017674.02,-26.855,-297.852,-161.621,-14.648,119438.445,339.7830695396899
750,1686017674.03,-32.227,-173.34,-47.363,-37.109,119438.448,342.611172231669
751,1686017674.03,-32.715,39.062,49.805,-17.09,119438.452,340.57279147286425
752,1686017674.04,-40.527,-466.309,-194.336,-9.766,119438.456,348.91444362156807
753,1686017674.04,-47.852,-380.371,-43.457,-34.18,119438.46,342.7315351018966
754,1686017674.04,-50.293,222.168,158.203,-50.293,119438.464,344.0169650956755
755,1686017674.05,-40.527,148.438,44.922,-31.738,119438.468,340.5128619254828
756,1686017674.05,-38.086,44.434,33.203,-12.207,119438.47,348.4278866552155
757,1686017674.05,-47.363,258.301,121.094,-17.09,119438.474,336.88678737363574
758,1686017674.06,-49.316,219.238,62.5,-30.762,119438.478,350.7056721437844
759,1686017674.06,-55.176,-198.73,-107.91,-30.762,119438.482,344.50077732312656
760,1686017674.06,-50.781,-393.555,-80.078,-14.16,119438.486,345.07005387980644
761,1686017674.07,-48.828,-251.465,6.836,-14.648,119438.49,348.7412695823432
762,1686017674.07,-56.152,-70.312,31.738,-34.668,119438.494,338.3945813951972
763,1686017674.08,-61.035,-257.324,-100.586,-32.227,119438.498,341.92381964117806
764,1686017674.08,-53.223,-648.926,-194.824,-11.23,119438.502,345.9150591109532
765,1686017674.08,-47.852,-93.75,69.336,-16.113,119438.505,343.2947761040649
766,1686017674.09,-52.246,20.996,51.758,-41.504,119438.509,339.24479640617614
767,1686017674.09,-59.082,-375.488,-158.691,-41.504,119438.513,342.62850302408816
768,1686017674.09,-50.781,-431.152,-116.211,-19.531,119438.529,341.1512529781748
769,1686017674.1,-47.363,219.727,162.109,-4.395,119438.533,339.08376934761634
770,1686017674.1,-50.293,332.031,105.957,-6.836,119438.537,345.8296846499445
771,1686017674.11,-50.781,-123.047,-106.445,-22.461,119438.541,337.8421118499639
772,1686017674.11,-53.223,-4.395,8.301,-24.414,119438.545,342.2359302350751
773,1686017674.11,-47.363,34.668,84.473,-7.324,119438.549,334.93942196040837
774,1686017674.12,-45.41,-81.055,30.762,-13.672,119438.553,333.45551732241336
775,1686017674.12,-46.875,-680.176,-335.449,-33.691,119438.557,338.7358697723588
776,1686017674.12,-48.828,-744.629,-232.91,-26.367,119438.561,337.0092638452104
777,1686017674.13,-43.945,206.055,220.703,-5.859,119438.564,338.59477295780914
778,1686017674.13,-41.016,294.434,104.492,-2.93,119438.568,341.7463694487782
779,1686017674.14,-38.086,-33.691,-17.09,-26.367,119438.572,335.0471504216384
780,1686017674.14,-35.156,144.043,75.684,-32.227,119438.56,336.12007008483556
781,1686017674.14,-33.203,368.652,148.926,-2.93,119438.564,338.3891904441134
782,1686017674.15,-24.902,231.445,71.777,6.348,119438.568,338.4626051496555
783,1686017674.15,-28.809,21.484,-5.859,-15.625,119438.572,341.2647316472393
784,1686017674.16,-40.527,92.285,33.203,-31.738,119438.575,335.33649102369753
785,1686017674.16,-33.691,18.066,44.434,-13.672,119438.579,327.7221540370015
786,1686017674.16,-29.297,-198.242,-52.734,4.883,119438.583,324.9983264450335
787,1686017674.17,-39.551,-698.73,-289.551,-15.625,119438.587,328.235135016236
788,1686017674.17,-41.016,-388.672,-91.309,-40.527,119438.591,323.51228661172433
789,1686017674.17,-39.062,4.395,102.539,-24.902,119438.595,327.90493259754464
790,1686017674.18,-30.762,-284.18,-58.105,8.789,119438.599,324.12177145750314
791,1686017674.18,-40.039,-870.605,-326.66,1.465,119438.603,319.9028087101848
792,1686017674.18,-53.711,-336.426,-28.809,-33.203,119438.619,322.86092735036
793,1686017674.19,-48.828,223.633,132.324,-36.621,119438.622,316.52094650013856
794,1686017674.19,-38.086,20.996,18.555,-22.949,119438.626,323.34925927405885
795,1686017674.2,-42.48,233.398,125.488,-32.227,119438.63,321.0454712037134
796,1686017674.2,-54.688,347.656,128.418,-55.176,119438.634,323.5702852210912
797,1686017674.2,-55.176,-92.773,-43.945,-60.059,119438.638,319.04668972239233
798,1686017674.21,-53.711,-654.785,-252.441,-29.297,119438.642,320.7647935034032
799,1686017674.21,-44.922,-337.402,0.977,-16.602,119438.646,314.4725758602581
800,1686017674.22,-42.48,315.43,180.664,-34.668,119438.65,316.28256799565355
801,1686017674.22,-48.34,161.621,25.879,-45.41,119438.654,317.2138348238905
802,1686017674.22,-49.316,-156.25,-49.316,-30.762,119438.658,309.4743933584731
803,1686017674.23,-48.828,-69.336,38.574,-18.066,119438.662,307.62234865811666
804,1686017674.23,-48.828,271.484,142.09,-31.25,119438.664,309.2482709646955
805,1686017674.23,-52.246,86.426,10.254,-49.316,119438.668,316.55291961065944
806,1686017674.24,-59.082,-430.176,-93.262,-38.574,119438.672,308.29987237431254
807,1686017674.24,-46.387,12.207,84.473,-13.184,119438.676,311.33070497476757
808,1686017674.24,-42.48,372.559,144.531,-23.926,119438.68,306.4659777512716
809,1686017674.25,-55.664,-183.105,-124.512,-46.387,119438.683,301.77801838444066
810,1686017674.25,-57.617,-628.906,-200.195,-42.969,119438.687,296.75693787703295
811,1686017674.26,-43.945,2.93,111.328,-23.438,119438.691,310.083902889514
812,1686017674.26,-43.457,334.473,137.207,-19.043,119438.695,309.00175608748873
813,1686017674.26,-57.617,-41.992,-59.57,-44.434,119438.699,306.48743538023353
814,1686017674.27,-46.875,-384.766,-145.996,-37.109,119438.703,299.6321461542089
815,1686017674.27,-30.762,17.09,77.637,-9.277,119438.707,304.71610863202545
816,1686017674.3,-36.621,409.18,170.898,-14.648,119438.725,307.4365836730805
817,1686017674.31,-36.621,-242.676,-166.016,-41.016,119438.729,302.0340885332896
818,1686017674.31,-47.363,-684.57,-225.586,-47.363,119438.733,306.30924370825016
819,1686017674.32,-51.758,43.945,116.699,-31.738,119438.737,302.13068822949236
820,1686017674.32,-41.504,346.68,138.672,-12.695,119438.741,303.8266587667733
821,1686017674.32,-45.41,-400.391,-230.469,-15.137,119438.745,304.8129075071491
822,1686017674.33,-54.199,-562.012,-198.242,-38.574,119438.749,311.97496553724824
823,1686017674.33,-56.641,215.332,161.133,-39.062,119438.753,307.10588042983755
824,1686017674.33,-35.645,152.832,56.152,18.066,119438.755,312.9082260883379
825,1686017674.34,-46.875,318.359,125.0,-18.555,119438.757,307.5429376962098
826,1686017674.34,-30.762,55.176,40.039,21.484,119438.759,306.3766167645544
827,1686017674.34,-44.434,-281.25,-133.301,-11.23,119438.761,303.71987044706896
828,1686017674.34,-43.457,158.691,65.43,-14.16,119438.763,306.366398360836
829,1686017674.34,-52.734,-119.629,-13.184,-23.926,119438.764,308.0425685547777
830,1686017674.35,-52.246,161.621,52.246,-20.508,119438.767,304.53111025356566
831,1686017674.35,-51.27,241.699,119.629,-15.625,119438.768,309.9924174838439
832,1686017674.35,-46.387,-115.234,-63.477,-1.953,119438.771,302.9505816113274
833,1686017674.35,-38.086,-474.609,-135.742,6.836,119438.775,312.2421383603935
834,1686017674.36,-51.758,-280.273,-15.137,-11.23,119438.779,309.25322176910373
835,1686017674.36,-55.664,34.668,31.738,-32.227,119438.783,306.68821230290814
836,1686017674.36,-47.852,-116.211,-17.09,-27.344,119438.786,310.0872305291052
837,1686017674.37,-41.992,-174.316,48.828,-9.277,119438.79,306.0086831101518
838,1686017674.37,-44.434,-143.555,-0.488,-20.02,119438.794,307.4596134247946
839,1686017674.38,-60.059,7.812,53.711,-45.41,119438.798,306.67187924354914
840,1686017674.39,-55.664,-283.203,-131.836,-35.645,119438.816,304.3002991052214
841,1686017674.4,-43.457,-943.359,-417.48,-8.301,119438.82,312.2521210024265
842,1686017674.4,-34.18,-198.73,10.254,-4.395,119438.824,306.0897551515986
843,1686017674.41,-43.945,255.371,120.605,-26.367,119438.828,307.5303991938929
844,1686017674.41,-50.293,-208.984,-136.719,-35.645,119438.832,304.33865837643435
845,1686017674.41,-29.785,-274.902,-60.059,-9.277,119438.836,310.2553068302979
846,1686017674.42,-23.926,-161.133,53.223,-0.488,119438.84,313.2621735604255
847,1686017674.42,-26.367,-124.512,21.973,-12.207,119438.844,304.6302202749656
848,1686017674.42,-47.852,-165.527,-47.852,-35.645,119438.845,310.6448198072027
849,1686017674.42,-32.227,-718.75,-324.707,-14.648,119438.847,312.97729760494997
850,1686017674.43,-45.41,197.266,129.883,-30.762,119438.849,315.61231883210263
851,1686017674.43,-39.551,-662.109,-188.965,-3.906,119438.851,312.7474752106305
852,1686017674.43,-36.621,372.559,165.039,-10.742,119438.853,314.59404069903775
853,1686017674.43,-27.832,240.723,209.961,-3.906,119438.855,316.857998580897
854,1686017674.44,-35.645,165.039,24.414,-13.184,119438.857,305.5743280479076
855,1686017674.44,-31.25,23.926,6.836,-21.973,119438.859,319.93805514955704
856,1686017674.44,-40.039,-105.469,-56.641,-33.691,119438.861,314.85802414671866
857,1686017674.44,-45.898,-219.238,-27.832,-22.949,119438.865,314.07242304058855
858,1686017674.45,-48.34,-83.984,34.18,-3.906,119438.868,316.23422583710664
859,1686017674.45,-45.41,28.809,20.02,-9.766,119438.872,315.52075961436447
860,1686017674.46,-48.828,-135.254,-44.434,-35.645,119438.876,317.1381425229247
861,1686017674.46,-50.293,-154.785,-22.461,-47.363,119438.88,312.85966629555156
862,1686017674.46,-44.922,-104.004,43.945,-27.832,119438.884,306.56379714740655
863,1686017674.47,-36.133,-216.309,-26.855,-12.695,119438.888,318.0332507159607
864,1686017674.47,-33.203,-934.57,-426.27,-16.113,119438.89,320.3548471962769
865,1686017674.47,-48.34,-666.992,-190.43,-31.738,119438.894,311.88015229131867
866,1686017674.48,-53.223,115.723,167.969,-37.109,119438.898,314.62056279733747
867,1686017674.48,-46.875,55.664,45.898,-26.855,119438.902,319.36301095257306
868,1686017674.48,-49.316,148.926,84.473,-37.598,119438.906,318.36479452145426
869,1686017674.49,-50.293,1.953,22.949,-56.152,119438.91,306.57722340597314
870,1686017674.49,-47.852,-201.66,-29.297,-42.48,119438.914,310.90152386785724
871,1686017674.5,-39.062,-488.281,-155.762,-23.926,119438.917,320.68025679884914
872,1686017674.5,-41.504,-294.922,14.16,-29.785,119438.921,316.9036559919813
873,1686017674.5,-55.664,320.312,158.691,-37.598,119438.925,318.73241522492316
874,1686017674.51,-51.27,225.586,69.336,-33.691,119438.929,312.608956607981
875,1686017674.51,-39.062,-4.395,61.035,-21.973,119438.933,316.1563929823246
876,1686017674.51,-37.598,29.785,68.359,-26.367,119438.939,327.71115086224626
877,1686017674.52,-40.527,290.039,120.117,-42.48,119438.942,317.3601157966204
878,1686017674.52,-41.504,110.352,12.695,-36.133,119438.946,313.6119986053651
879,1686017674.53,-43.945,-315.43,-56.152,-12.695,119438.95,315.88906356069776
880,1686017674.53,-47.852,105.957,115.723,-13.184,119438.954,317.60739594189124
881,1686017674.53,-54.688,117.188,57.129,-37.598,119438.958,314.37514250499373
882,1686017674.54,-60.059,-382.324,-180.664,-49.316,119438.962,321.54559972736905
883,1686017674.54,-56.152,-705.566,-245.605,-27.344,119438.966,314.5401784069101
884,1686017674.54,-44.922,-3.418,118.164,-4.883,119438.97,313.5075707024625
885,1686017674.55,-42.969,362.793,152.832,-14.16,119438.974,319.1203125123468
886,1686017674.55,-47.363,-288.574,-142.578,-38.086,119438.978,315.1685906177871
887,1686017674.56,-46.875,-474.609,-124.023,-30.762,119438.982,312.5619304972364
888,1686017674.56,-29.785,235.84,163.574,0.0,119438.994,324.9509471844465
889,1686017674.56,-33.691,416.992,165.527,-6.836,119438.998,311.36572224278143
890,1686017674.57,-47.363,-145.996,-112.793,-21.973,119439.002,322.3637770223624
891,1686017674.57,-45.898,-169.434,-109.375,-20.508,119439.005,325.5452980455799
892,1686017674.58,-47.363,243.652,133.789,-18.555,119439.009,324.84538162854665
893,1686017674.58,-46.875,82.031,46.875,-13.672,119439.013,317.4027331092565
894,1686017674.58,-43.945,-673.828,-370.605,-19.043,119439.017,318.18538574700034
895,1686017674.59,-46.387,-779.785,-267.09,-22.949,119439.021,310.9684650767106
896,1686017674.59,-39.551,124.023,175.293,-8.301,119439.025,320.50087979110907
897,1686017674.59,-40.527,317.871,112.793,-14.16,119439.029,318.2642042541825
898,1686017674.6,-49.316,-19.043,4.883,-35.645,119439.033,325.5031786547624
899,1686017674.6,-51.758,85.449,61.035,-43.945,119439.037,326.96341685639976
900,1686017674.62,-55.664,273.926,120.605,-36.133,119439.04,323.6052387943346
901,1686017674.62,-49.316,226.074,81.543,-14.16,119439.044,329.14231431559955
902,1686017674.63,-37.598,16.113,-19.531,-12.695,119439.048,329.0101608113152
903,1686017674.63,-41.504,93.75,39.551,-30.762,119439.052,318.1409233416571
904,1686017674.63,-36.621,185.547,62.5,-25.391,119439.056,331.97744664633933
905,1686017674.64,-46.387,-118.164,-68.359,-8.789,119439.059,331.59746825452817
906,1686017674.64,-41.504,-621.094,-156.25,-0.488,119439.063,317.88648566814373
907,1686017674.64,-41.992,-412.598,-83.008,-20.02,119439.067,327.57929678677806
908,1686017674.65,-61.523,93.75,53.711,-44.922,119439.071,326.7210295844316
909,1686017674.65,-61.035,-189.941,-80.566,-33.691,119439.075,317.3788106009613
910,1686017674.66,-53.711,-695.312,-185.059,-21.484,119439.079,325.81924826928383
911,1686017674.66,-63.477,-52.246,89.844,-40.039,119439.083,316.86898463797996
912,1686017674.66,-73.242,280.762,104.004,-53.711,119439.084,318.4827859200058
913,1686017674.67,-57.617,-202.637,-79.59,-33.203,119439.088,326.68820564799125
914,1686017674.67,-44.922,-199.707,6.836,-18.066,119439.092,318.1879540041887
915,1686017674.68,-51.758,250.977,146.973,-40.527,119439.096,324.5861665765615
916,1686017674.68,-49.805,178.711,56.641,-50.293,119439.1,323.58351626631276
917,1686017674.68,-43.457,-386.719,-187.5,-41.016,119439.104,331.4089086176062
918,1686017674.69,-48.34,-259.277,-46.387,-25.391,119439.108,325.1987517110934
919,1686017674.69,-48.828,132.324,119.141,-26.855,119439.112,323.90503788608595
920,1686017674.69,-53.711,-166.016,-101.074,-53.711,119439.116,323.21810222059094
921,1686017674.7,-47.363,-836.914,-408.691,-48.828,119439.12,330.4450173742919
922,1686017674.7,-37.598,-683.105,-182.617,-25.879,119439.124,323.55819205556
923,1686017674.71,-38.086,234.863,206.055,-37.598,119439.127,319.9406894724908
924,1686017674.71,-43.945,136.719,42.48,-48.828,119439.13,325.084061595735
925,1686017674.71,-51.758,-137.695,-58.594,-52.246,119439.133,317.69371599503154
926,1686017674.72,-44.434,210.938,111.816,-33.203,119439.137,330.5993106819775
927,1686017674.72,-40.039,410.156,176.758,-23.926,119439.141,324.83429778282067
928,1686017674.72,-54.688,77.637,-5.859,-41.992,119439.145,323.2469365589411
929,1686017674.73,-58.105,-364.258,-193.359,-40.039,119439.149,321.61089921488434
930,1686017674.73,-46.875,-250.488,-67.871,-20.508,119439.153,321.7486844382442
931,1686017674.74,-43.457,278.32,145.02,-24.414,119439.157,321.2271066816235
932,1686017674.74,-48.34,21.973,-30.273,-44.434,119439.161,326.57514212757445
933,1686017674.74,-58.105,-769.531,-319.824,-51.758,119439.165,325.6122815185886
934,1686017674.75,-55.664,-501.465,-136.719,-51.27,119439.169,326.3706761664879
935,1686017674.75,-49.316,2.441,95.703,-35.156,119439.173,328.05370595168273
936,1686017674.75,-46.387,-220.215,-80.566,-24.414,119439.175,327.1443985996532
937,1686017674.76,-41.504,-703.125,-225.586,-41.504,119439.179,323.35614251587947
938,1686017674.76,-46.875,-64.941,85.938,-47.852,119439.183,322.4660924357999
939,1686017674.77,-45.41,364.746,160.645,-25.879,119439.187,329.22894605949705
940,1686017674.77,-45.41,19.531,-15.137,-21.484,119439.191,324.2772778956771
941,1686017674.77,-55.664,-228.027,-51.758,-39.551,119439.195,321.57582215291524
942,1686017674.78,-56.641,-152.344,38.574,-45.41,119439.199,328.6480779454442
943,1686017674.78,-46.875,141.602,86.426,-27.344,119439.203,327.3326566192038
944,1686017674.78,-46.875,-379.395,-199.219,-15.137,119439.207,328.7831950497094
945,1686017674.79,-53.711,-340.332,-20.02,-37.598,119439.211,321.7243380105966
946,1686017674.79,-61.035,266.113,168.945,-47.852,119439.214,314.03532491411727
947,1686017674.8,-52.246,193.848,57.129,-20.02,119439.218,319.850059845803
948,1686017674.8,-46.875,-4.883,4.395,-14.648,119439.224,325.4085405011808
949,1686017674.8,-51.27,-16.113,12.695,-34.668,119439.228,326.39601441627957
950,1686017674.81,-46.875,219.727,75.195,-39.551,119439.231,318.24772008169737
951,1686017674.81,-43.945,106.445,14.16,-14.648,119439.235,319.6913594929242
952,1686017674.82,-39.062,-269.531,-43.457,3.906,119439.239,330.8142753364255
953,1686017674.82,-43.945,-250.977,-11.719,-15.137,119439.243,324.7993959672581
954,1686017674.82,-50.781,-71.777,9.766,-35.156,119439.247,321.08334709863226
955,1686017674.83,-36.133,-153.32,-74.219,-20.02,119439.251,320.9190032466253
956,1686017674.83,-24.902,-729.492,-286.133,4.395,119439.255,327.30221616768307
957,1686017674.84,-34.18,-232.422,10.742,-9.277,119439.259,327.38276293807047
958,1686017674.84,-41.992,55.176,96.68,-28.32,119439.263,323.9775179820765
959,1686017674.84,-40.039,-392.09,-90.332,-13.184,119439.265,324.6660234056621
960,1686017674.84,-47.363,-385.742,-165.527,-28.32,119439.267,318.24886455806507
961,1686017674.85,-28.809,302.246,186.035,-1.465,119439.269,326.3357490627218
962,1686017674.85,-30.273,372.07,118.164,-20.02,119439.273,326.5468488136337
963,1686017674.86,-38.574,-190.43,-117.188,-25.879,119439.276,324.9858564890036
964,1686017674.86,-43.945,-75.195,21.973,-9.766,119439.28,332.74646305250195
965,1686017674.86,-41.992,35.156,108.887,-0.977,119439.284,320.3002746482706
966,1686017674.87,-43.945,-70.312,28.32,-3.418,119439.288,323.47290772472854
967,1686017674.87,-39.062,-615.234,-348.633,-21.484,119439.292,322.42106394793905
968,1686017674.87,-39.551,-750.977,-248.047,-23.926,119439.296,317.61869316905734
969,1686017674.88,-29.785,229.98,225.098,-5.371,119439.3,329.11879626781246
970,1686017674.88,-14.648,369.141,123.047,-7.324,119439.304,323.84085517069974
971,1686017674.89,-31.25,-52.246,-29.297,-38.086,119439.308,322.49593817078784
972,1686017674.89,-36.133,75.195,50.293,-42.969,119439.31,322.58635536497593
973,1686017674.89,-31.25,343.75,175.781,-12.207,119439.313,319.0684659234603
974,1686017674.9,-35.156,244.629,90.82,-8.789,119439.317,322.18375000179316
975,1686017674.9,-39.551,24.414,-29.785,-28.809,119439.321,315.5451934988717
976,1686017674.9,-49.316,66.406,36.133,-33.203,119439.325,322.8437719634239
977,1686017674.91,-46.387,-60.547,41.992,-24.414,119439.329,321.26415660746113
978,1686017674.91,-39.551,-291.016,-62.988,-13.672,119439.333,315.8786557684772
979,1686017674.92,-46.387,-828.125,-337.402,-14.648,119439.337,321.02423893210363
980,1686017674.92,-46.875,-344.238,-52.246,-24.902,119439.341,322.7280987591948
981,1686017674.92,-37.109,285.156,169.434,-13.184,119439.345,321.9284673984092
982,1686017674.93,-26.367,-137.207,-1.465,8.301,119439.349,323.3203214055408
983,1686017674.93,-39.062,-191.895,62.012,-5.859,119439.352,316.8195450391961
984,1686017674.94,-55.176,232.91,127.441,-33.691,119439.369,325.27906538748675
985,1686017674.94,-49.805,281.25,88.867,-22.949,119439.373,320.27384561105424
986,1686017674.95,-36.133,-50.293,-27.344,9.277,119439.377,325.26239360167875
987,1686017674.95,-38.574,46.875,41.016,-4.883,119439.381,329.65076496539604
988,1686017674.95,-52.246,269.531,124.512,-30.273,119439.385,319.9609258512955
989,1686017674.96,-47.852,-109.375,-83.496,-23.438,119439.388,319.9473366574235
990,1686017674.96,-34.18,-643.555,-338.379,-0.488,119439.392,327.782348615911
991,1686017674.96,-34.18,-401.367,-114.258,6.348,119439.396,326.22794569987457
992,1686017674.97,-39.551,55.664,62.012,-15.137,119439.4,317.1704653350189
993,1686017674.97,-50.781,-265.137,-173.34,-21.973,119439.404,322.83430690648714
994,1686017674.98,-45.898,-577.148,-234.863,-7.324,119439.408,322.30034612194135
995,1686017674.98,-26.367,395.508,157.715,-7.324,119439.414,326.07959307152197
996,1686017674.98,-25.391,22.949,72.754,7.324,119439.412,320.4213034872463
997,1686017674.98,-40.527,52.734,-5.859,-40.527,119439.418,321.73539951855116
998,1686017674.99,-47.852,-92.285,-37.109,-38.574,119439.422,324.255616878617
999,1686017674.99,-48.828,201.66,115.234,-11.719,119439.426,324.76311736818883
1000,1686017675.0,-48.34,359.863,146.973,-16.113,119439.43,325.29137737503896
1001,1686017675.0,-51.758,-240.234,-164.062,-25.391,119439.434,319.83772356409133
1002,1686017675.0,-54.199,-704.102,-230.957,-15.137,119439.438,320.8132582418714
1003,1686017675.01,-43.457,-11.23,107.422,-4.395,119439.442,322.1058138231026
1004,1686017675.01,-38.574,387.207,159.668,-9.277,119439.446,325.04363583403807
1005,1686017675.01,-44.434,-9.277,-60.547,-28.32,119439.45,317.46674915454247
1006,1686017675.02,-49.316,-446.289,-197.754,-28.809,119439.454,324.65217923210696
1007,1686017675.02,-49.316,-288.574,-24.414,-20.02,119439.457,328.0884637101035
1008,1686017675.02,-47.852,210.938,157.227,-23.926,119439.459,315.16637031874427
1009,1686017675.03,-59.082,-208.984,-137.695,-28.809,119439.463,316.2043312807027
1010,1686017675.03,-72.754,-763.184,-267.578,-28.32,119439.467,325.5499684407163
1011,1686017675.04,-59.082,-28.32,92.773,-13.184,119439.471,320.41260013712827
1012,1686017675.04,-36.621,335.938,166.504,7.324,119439.475,319.09177179269295
1013,1686017675.04,-35.156,-237.793,-138.672,-6.836,119439.479,322.46285159401464
1014,1686017675.05,-46.875,-419.434,-199.219,-32.715,119439.483,318.8645736543859
1015,1686017675.05,-41.992,114.746,116.211,-24.902,119439.487,315.65103847715733
1016,1686017675.06,-37.598,252.441,119.629,-11.719,119439.491,324.3222532900301
1017,1686017675.06,-39.062,-462.891,-225.586,-8.789,119439.495,325.8168318965159
1018,1686017675.06,-51.758,-315.918,-69.336,-24.902,119439.498,315.5297987595467
1019,1686017675.07,-51.27,221.68,149.414,-31.738,119439.502,318.3195383971064
1020,1686017675.08,-42.48,182.129,73.73,-2.441,119439.506,322.44701760677356
1021,1686017675.09,-40.039,-42.969,4.395,15.137,119439.51,319.1105772606656
1022,1686017675.09,-42.48,-112.305,4.883,-15.137,119439.514,322.3806940944571
1023,1686017675.1,-41.016,181.152,98.145,-27.344,119439.517,323.07935549684044
1024,1686017675.1,-33.203,16.602,-12.207,-8.789,119439.521,324.12174795244886
1025,1686017675.1,-27.344,-648.926,-188.477,6.836,119439.525,323.5747471292328
1026,1686017675.11,-34.668,-399.902,-32.715,-10.742,119439.529,314.5753495373077
1027,1686017675.11,-46.875,151.855,92.285,-35.645,119439.533,323.07845313202415
1028,1686017675.12,-45.41,-93.262,-64.453,-20.508,119439.537,313.3372995963064
1029,1686017675.12,-42.969,-522.461,-113.281,-4.883,119439.541,314.0048419789601
1030,1686017675.12,-46.387,-319.824,13.184,-28.809,119439.545,320.4160836016686
1031,1686017675.13,-54.199,34.18,73.242,-47.363,119439.549,328.07396282786806
1032,1686017675.13,-42.969,-204.102,-86.914,-28.32,119439.565,329.50614002168857
1033,1686017675.14,-35.156,-382.324,-88.379,-3.418,119439.569,319.6040307062968
1034,1686017675.14,-33.691,227.051,178.223,-12.207,119439.572,321.2897862846758
1035,1686017675.14,-42.48,208.008,41.992,-29.297,119439.576,318.3131112874151
1036,1686017675.15,-55.176,-379.883,-244.629,-32.227,119439.58,321.28046659142905
1037,1686017675.15,-41.504,-404.785,-95.215,-16.113,119439.584,327.2777815995113
1038,1686017675.16,-29.785,-82.031,90.82,-11.23,119439.588,318.55932462440745
1039,1686017675.16,-35.645,127.441,89.844,-39.062,119439.592,316.51979220207846
1040,1686017675.16,-46.875,-579.59,-311.523,-45.41,119439.596,313.12686391899524
1041,1686017675.17,-46.875,-609.375,-203.125,-24.414,119439.6,315.2268044465412
1042,1686017675.17,-30.762,328.613,236.328,-23.438,119439.604,315.62260980659437
1043,1686017675.17,-50.781,-145.996,-58.105,-39.062,119439.595,320.26177100612193
1044,1686017675.18,-33.203,260.254,81.055,-32.227,119439.608,322.34873711380067
1045,1686017675.18,-47.852,-1.465,49.316,-29.297,119439.599,317.8872895075845
1046,1686017675.18,-35.645,260.742,141.113,-10.254,119439.603,324.04336741016385
1047,1686017675.19,-36.133,151.367,48.34,-14.648,119439.607,322.7609787844695
1048,1686017675.19,-43.945,-124.512,-78.125,-30.273,119439.611,321.18371153583877
1049,1686017675.19,-36.133,-297.852,-142.09,-21.973,119439.614,321.9582533065137
1050,1686017675.2,-23.438,-194.824,-28.32,-15.625,119439.618,321.35775086702535
1051,1686017675.2,-28.32,-221.68,-16.113,-15.625,119439.622,315.6502439339703
1052,1686017675.2,-45.41,-418.945,-95.703,-26.367,119439.626,326.36969150248876
1053,1686017675.21,-43.945,-94.238,41.992,-30.762,119439.63,317.73248958847194
1054,1686017675.21,-38.086,-40.039,77.148,-11.23,119439.634,319.3371470603057
1055,1686017675.22,-35.645,-270.996,-11.719,-8.789,119439.638,330.70589651782933
1056,1686017675.22,-30.762,-899.414,-379.883,-10.254,119439.64,323.8410490305996
1057,1686017675.22,-52.246,-461.914,-135.742,-24.902,119439.644,322.5414443641535
1058,1686017675.23,-55.664,282.715,188.965,-14.16,119439.648,320.87255253895484
1059,1686017675.23,-43.945,86.914,38.574,-4.395,119439.652,321.4699755379551
1060,1686017675.24,-43.457,86.426,66.895,-23.438,119439.655,317.59237313452627
1061,1686017675.24,-41.992,-0.977,52.734,-33.203,119439.659,321.12724140867317
1062,1686017675.24,-48.34,-155.273,2.441,-33.691,119439.663,318.45135525342465
1063,1686017675.25,-45.41,-488.77,-182.617,-14.648,119439.667,315.28171965842273
1064,1686017675.25,-44.434,-321.289,11.719,-16.602,119439.671,318.90688580759956
1065,1686017675.26,-53.223,164.062,150.879,-33.203,119439.675,318.153791193013
1066,1686017675.26,-53.223,-150.391,-24.414,-37.109,119439.679,315.5826144776662
1067,1686017675.26,-58.594,-437.988,-92.773,-24.902,119439.683,323.79832939151686
1068,1686017675.28,-61.523,104.004,114.258,-23.926,119439.7,325.3132286703174
1069,1686017675.28,-55.176,380.371,145.02,-42.969,119439.704,316.9272039864342
1070,1686017675.29,-52.734,47.363,31.738,-42.969,119439.708,318.72849787308456
1071,1686017675.29,-36.621,11.719,111.328,-23.438,119439.712,316.2288442411458
1072,1686017675.3,-29.785,260.254,144.043,-20.02,119439.716,325.96274870194475
1073,1686017675.3,-41.504,89.355,48.34,-42.969,119439.72,324.43827387467627
1074,1686017675.3,-47.363,-374.023,-140.625,-46.387,119439.723,315.5571653042979
1075,1686017675.31,-46.875,-734.375,-255.371,-25.391,119439.727,317.5045769416287
1076,1686017675.31,-40.527,9.766,93.75,-19.531,119439.731,320.11280915592926
1077,1686017675.31,-38.086,-80.566,92.285,-11.719,119439.733,317.5829145731819
1078,1686017675.31,-42.969,417.48,173.34,-26.855,119439.735,313.8451047470556
1079,1686017675.31,-49.805,286.133,144.531,-41.016,119439.737,324.4056466496889
1080,1686017675.32,-58.105,-145.508,-75.684,-60.547,119439.741,325.92130515107834
1081,1686017675.32,-50.781,-269.043,-134.766,-32.227,119439.739,316.917021803389
1082,1686017675.32,-53.711,-265.137,-14.648,-47.852,119439.745,320.46481243169825
1083,1686017675.32,-41.504,-554.688,-145.996,-20.508,119439.743,314.2094346061835
1084,1686017675.33,-41.504,227.539,170.41,-30.762,119439.749,320.3884910217967
1085,1686017675.33,-42.969,14.648,23.926,-20.02,119439.753,323.36904619088875
1086,1686017675.33,-55.176,-471.68,-199.707,-46.875,119439.757,320.1966503519342
1087,1686017675.34,-55.176,-153.809,-21.484,-48.34,119439.761,321.86098411315186
1088,1686017675.34,-48.828,335.938,187.5,-21.973,119439.764,322.6982624923142
1089,1686017675.34,-45.898,249.023,88.867,-22.461,119439.768,319.4316967199593
1090,1686017675.35,-51.27,-552.734,-260.254,-42.969,119439.772,318.094512710034
1091,1686017675.35,-53.223,-413.574,-88.379,-52.246,119439.776,308.8071979820077
1092,1686017675.35,-41.016,256.348,170.898,-27.832,119439.79,318.11118860053836
1093,1686017675.36,-27.832,202.148,62.5,0.488,119439.794,323.2479356828707
1094,1686017675.36,-34.668,-130.371,-32.715,-11.719,119439.798,324.48284147980735
1095,1686017675.37,-46.875,-151.855,19.531,-42.48,119439.802,315.83480078238426
1096,1686017675.37,-43.457,158.691,116.211,-35.156,119439.805,315.8301207443788
1097,1686017675.37,-33.203,-114.258,-27.344,-4.395,119439.809,318.98757248692374
1098,1686017675.38,-41.016,-843.75,-336.914,-7.324,119439.813,318.33613408166514
1099,1686017675.38,-51.758,-439.941,-55.664,-34.668,119439.817,328.3616236966121
1100,1686017675.38,-41.016,203.125,145.02,-25.879,119439.821,318.32365660116324
1101,1686017675.39,-35.156,-6.348,0.0,-7.812,119439.825,320.6626108853931
1102,1686017675.39,-33.203,-204.59,4.883,-15.137,119439.829,314.2809686768262
1103,1686017675.4,-47.363,91.797,76.172,-35.156,119439.833,318.8252520470376
1104,1686017675.41,-60.059,209.961,79.59,-39.062,119439.835,324.54187435179074
1105,1686017675.42,-46.875,-166.992,-33.691,-22.949,119439.839,316.2119647600907
1106,1686017675.42,-27.344,-143.555,62.988,-2.441,119439.843,323.405584683615
1107,1686017675.43,-39.062,268.066,139.648,-27.832,119439.847,325.36371904611593
1108,1686017675.43,-52.734,127.93,24.902,-56.152,119439.85,317.8521069675717
1109,1686017675.43,-34.668,-331.543,-144.531,-23.926,119439.854,329.6322718331003
1110,1686017675.44,-30.273,-344.238,-66.406,-9.277,119439.858,319.2498973092889
1111,1686017675.44,-42.48,-32.227,90.332,-31.25,119439.862,316.8784678362973
1112,1686017675.44,-48.34,122.559,63.477,-43.945,119439.866,321.0619945019886
1113,1686017675.45,-34.668,-626.953,-307.617,-21.484,119439.87,325.5991711507509
1114,1686017675.45,-36.621,-524.414,-155.762,-4.395,119439.874,321.801350286316
1115,1686017675.46,-42.48,337.402,210.449,-15.137,119439.878,321.4603428374645
1116,1686017675.46,-39.062,170.41,44.434,-42.48,119439.894,322.70282095098827
1117,1686017675.46,-32.227,-118.164,-59.57,-41.504,119439.898,320.3214842223667
1118,1686017675.47,-25.879,113.281,83.496,-11.23,119439.902,320.8161265658086
1119,1686017675.47,-24.414,354.492,155.762,-29.785,119439.906,322.64173595900843
1120,1686017675.48,-38.574,108.887,-10.254,-48.34,119439.91,317.28400393136474
1121,1686017675.48,-54.199,-399.902,-191.406,-36.621,119439.914,315.48461386101076
1122,1686017675.48,-48.828,-324.707,-84.473,-30.273,119439.918,322.2485627941186
1123,1686017675.49,-38.574,97.168,128.906,-17.578,119439.922,321.87733355151653
1124,1686017675.49,-42.969,-164.062,-36.621,-20.996,119439.926,320.9681991590808
1125,1686017675.49,-57.617,-896.973,-419.434,-43.945,119439.93,318.5964332778741
1126,1686017675.5,-59.57,-548.828,-117.676,-39.551,119439.934,318.13482620521694
1127,1686017675.5,-53.711,256.836,235.352,-18.555,119439.937,318.2447870944061
1128,1686017675.5,-61.035,-106.445,-45.41,-24.414,119439.925,316.39100851977236
1129,1686017675.51,-71.289,-437.988,-109.863,-41.016,119439.929,323.43696312280497
1130,1686017675.51,-59.57,151.367,160.645,-36.133,119439.933,320.51292943669114
1131,1686017675.52,-42.969,355.469,157.227,-18.066,119439.937,320.44963552064394
1132,1686017675.52,-44.922,14.648,9.766,-31.738,119439.941,314.3095336543724
1133,1686017675.52,-62.988,-249.512,-22.461,-43.457,119439.945,318.2892334554553
1134,1686017675.53,-54.688,-182.617,41.016,-29.297,119439.949,318.87301774477163
1135,1686017675.53,-29.297,79.102,87.891,-8.789,119439.952,314.9172281751359
1136,1686017675.54,-43.457,-332.52,-178.711,-8.789,119439.956,309.14532770479514
1137,1686017675.54,-56.152,-217.285,-51.27,-35.645,119439.96,318.99267499177085
1138,1686017675.54,-52.734,33.203,57.129,-43.457,119439.964,320.1151824495843
1139,1686017675.55,-56.152,-186.523,-40.527,-32.715,119439.968,319.3255630352512
1140,1686017675.55,-47.363,-680.176,-245.117,-8.301,119439.97,332.7843580088852
1141,1686017675.55,-38.086,-403.32,-21.973,-9.766,119439.974,318.6136511121486
1142,1686017675.56,-39.551,192.383,130.371,-31.25,119439.978,313.7679196309279
1143,1686017675.56,-40.527,102.539,53.711,-20.996,119439.982,324.56281710237295
1144,1686017675.56,-37.598,102.539,134.766,9.766,119439.986,317.0137523588867
1145,1686017675.57,-41.016,-27.832,41.504,12.695,119439.99,329.4113746382803
1146,1686017675.57,-45.41,-4.395,47.363,-7.324,119439.994,318.5706631844598
1147,1686017675.58,-48.34,-144.531,-77.637,-15.625,119439.997,328.60340080592755
1148,1686017675.58,-41.504,-612.793,-187.5,-5.859,119440.001,317.68161175661646
1149,1686017675.58,-40.039,-61.523,83.496,8.301,119440.005,314.8309692166898
1150,1686017675.59,-68.848,78.125,63.965,-21.484,119440.009,320.5859308967805
1151,1686017675.59,-75.195,-352.539,-126.953,-50.293,119440.013,320.5957321100186
1152,1686017675.6,-60.059,-434.57,-105.469,-11.719,119440.018,312.6340904869853
1153,1686017675.6,-48.34,31.25,124.512,6.348,119440.022,317.35402261484757
1154,1686017675.6,-45.898,274.414,135.742,-9.766,119440.026,317.4284189799206
1155,1686017675.61,-57.129,-171.387,-97.656,-20.508,119440.03,315.6439828601435
1156,1686017675.61,-49.316,-156.25,29.785,-10.254,119440.034,319.23336965847244
1157,1686017675.62,-31.738,85.938,116.699,8.789,119440.038,313.68767764823957
1158,1686017675.62,-44.922,-62.5,-7.812,-3.418,119440.042,325.1075545555822
1159,1686017675.62,-48.34,-567.383,-261.719,-17.09,119440.046,312.7802873434244
1160,1686017675.63,-40.039,-427.246,-117.676,-7.324,119440.05,318.6183259383719
1161,1686017675.63,-32.715,370.117,234.375,12.207,119440.054,313.871432752807
1162,1686017675.63,-41.016,298.34,106.445,5.859,119440.057,321.3246503288451
1163,1686017675.64,-48.34,-51.758,-19.043,-21.973,119440.061,318.60452770114
1164,1686017675.64,-45.41,133.301,83.496,-12.695,119440.06,318.7062203657725
1165,1686017675.64,-35.645,398.438,158.691,20.508,119440.064,319.8682695992663
1166,1686017675.65,-28.809,261.719,95.215,19.043,119440.068,317.4907824379455
1167,1686017675.65,-44.434,-166.992,-136.719,-13.184,119440.072,314.178754680537
1168,1686017675.66,-56.152,-172.363,-117.188,-22.461,119440.076,321.86279204080404
1169,1686017675.66,-39.551,-6.836,68.359,-1.953,119440.08,317.84189975106983
1170,1686017675.66,-28.32,-179.199,-19.531,2.93,119440.083,310.8051644274883
1171,1686017675.67,-24.414,-799.805,-337.402,-4.395,119440.087,318.773894372663
1172,1686017675.67,-27.344,-372.07,-53.223,-13.184,119440.091,315.3573817124542
1173,1686017675.67,-33.691,339.844,208.496,2.93,119440.095,316.74468898151
1174,1686017675.68,-22.949,-111.816,-33.691,18.066,119440.099,315.6070013122755
1175,1686017675.68,-30.273,-411.133,-73.73,0.977,119440.103,320.19914878402255
1176,1686017675.68,-37.109,98.145,100.098,-12.695,119440.12,316.02387480364365
1177,1686017675.69,-24.902,250.488,103.516,0.488,119440.124,321.7644500255042
1178,1686017675.69,-10.254,14.16,17.578,18.066,119440.127,314.88411268308977
1179,1686017675.7,-20.02,186.035,102.539,4.395,119440.131,319.1289672305688
1180,1686017675.7,-21.484,292.48,119.629,-20.02,119440.135,319.18156928987804
1181,1686017675.7,-12.695,-93.75,-47.363,-11.23,119440.139,320.16666077949935
1182,1686017675.71,-20.996,-678.223,-314.941,19.531,119440.143,319.28925299541623
1183,1686017675.71,-38.574,-645.02,-170.898,10.742,119440.147,319.9251606094667
1184,1686017675.72,-29.297,176.27,151.367,-16.602,119440.151,311.4483259105131
1185,1686017675.72,-19.043,177.734,49.805,-12.207,119440.155,320.70740863814257
1186,1686017675.72,-12.207,-253.418,-47.852,2.441,119440.159,316.9014142586672
1187,1686017675.73,-2.93,117.188,95.215,15.625,119440.163,318.36531277129296
1188,1686017675.73,-10.254,386.23,143.066,3.906,119440.164,313.8737638149927
1189,1686017675.73,-25.879,78.613,-1.465,-22.949,119440.168,315.6901470751269
1190,1686017675.74,-19.531,-119.629,-56.152,-11.719,119440.172,321.8063667094096
1191,1686017675.74,-0.977,155.273,104.004,12.207,119440.176,312.8584130116431
1192,1686017675.74,-4.883,304.199,122.559,1.953,119440.18,316.85702716700365
1193,1686017675.75,-24.902,-246.094,-201.66,-19.043,119440.184,316.04705355196603
1194,1686017675.75,-32.227,-673.828,-237.793,-8.301,119440.188,316.78425868952763
1195,1686017675.76,-18.066,-12.695,104.492,-0.977,119440.192,308.99238405950484
1196,1686017675.76,-27.344,269.043,126.953,0.488,119440.196,315.1329190012922
1197,1686017675.76,-38.086,-333.984,-166.016,0.0,119440.199,313.72997450685654
1198,1686017675.77,-39.551,-941.406,-436.523,-5.859,119440.203,316.17216698952626
1199,1686017675.77,-30.273,-304.199,11.719,-7.812,119440.207,322.62283182017046
1200,1686017675.79,-25.879,324.219,196.289,-7.324,119440.21,312.0437313534586
1201,1686017675.79,-41.992,-61.035,-60.547,-8.789,119440.214,312.1860165523749
1202,1686017675.8,-50.781,-84.473,-9.277,-23.926,119440.218,314.46156771648447
1203,1686017675.8,-37.598,229.492,133.789,-9.766,119440.222,314.4116102249098
1204,1686017675.8,-22.461,312.012,138.672,4.883,119440.226,311.4776328025408
1205,1686017675.81,-26.855,-298.34,-193.359,5.371,119440.23,316.6738266504473
1206,1686017675.81,-48.828,-469.727,-181.641,-11.719,119440.234,321.96775241675795
1207,1686017675.82,-55.176,147.949,133.301,-9.277,119440.238,321.34783973830247
1208,1686017675.82,-39.551,245.605,115.234,6.836,119440.242,316.38234454467334
1209,1686017675.82,-32.715,-486.328,-239.258,13.184,119440.245,317.1455545486165
1210,1686017675.83,-40.039,-423.34,-131.836,-2.93,119440.249,318.85682168887
1211,1686017675.83,-41.504,-34.18,54.199,-7.324,119440.253,306.8582136452892
1212,1686017675.84,-34.668,-210.938,-38.086,15.625,119440.26,326.715319789415
1213,1686017675.84,-35.156,-430.176,-88.379,31.25,119440.264,305.8791682429097
1214,1686017675.84,-35.156,-56.641,58.594,14.16,119440.268,310.4916504888925
1215,1686017675.85,-31.25,198.242,83.008,1.953,119440.272,318.441318050517
1216,1686017675.85,-31.738,65.43,28.809,15.137,119440.276,310.1065354778831
1217,1686017675.86,-35.645,-171.387,0.0,9.766,119440.279,307.63642699770065
1218,1686017675.86,-36.621,-211.914,-4.883,-7.324,119440.283,316.8603735607146
1219,1686017675.86,-40.039,94.727,70.801,-8.789,119440.287,316.6336536055456
1220,1686017675.87,-40.039,-143.555,-63.477,14.648,119440.291,312.2031848642231
1221,1686017675.87,-36.621,-731.445,-251.465,15.137,119440.295,311.97698797959504
1222,1686017675.87,-32.227,-370.117,-24.902,-4.395,119440.299,318.35786484147286
1223,1686017675.88,-48.34,78.125,101.562,-16.602,119440.303,312.84957234277545
1224,1686017675.88,-49.805,-143.066,-42.48,-2.441,119440.304,312.07291896113856
1225,1686017675.88,-32.715,-157.227,24.902,15.625,119440.308,314.7384234926621
1226,1686017675.89,-47.363,1.953,66.895,-0.977,119440.312,320.9120661938622
1227,1686017675.89,-56.641,130.859,76.172,-20.02,119440.316,314.72274831695375
1228,1686017675.9,-39.062,-322.754,-161.621,-2.441,119440.319,315.4261598289808
1229,1686017675.9,-34.18,-666.016,-169.434,12.695,119440.323,315.243775916664
1230,1686017675.9,-44.922,-208.984,81.055,8.301,119440.327,314.5350677078167
1231,1686017675.91,-45.41,167.969,119.141,-6.348,119440.331,311.22979759248955
1232,1686017675.91,-43.945,-537.598,-314.453,-1.465,119440.335,318.25583895205335
1233,1686017675.92,-47.363,-900.391,-323.242,10.254,119440.339,309.4982980049541
1234,1686017675.92,-41.016,137.695,198.242,1.953,119440.343,321.7320152728238
1235,1686017675.92,-39.062,275.879,123.535,2.93,119440.347,317.3512034358133
1236,1686017675.92,-39.062,-79.102,-14.16,-5.371,119440.346,316.82614060401903
1237,1686017675.93,-32.227,192.871,124.512,7.812,119440.35,313.41460763932
1238,1686017675.93,-29.297,445.801,187.5,25.391,119440.354,319.35763816402687
1239,1686017675.94,-34.18,264.648,88.867,12.695,119440.357,311.71694834877565
1240,1686017675.94,-29.785,-173.34,-130.371,12.207,119440.361,312.83651338378667
1241,1686017675.94,-32.715,-294.434,-149.414,11.23,119440.365,313.2942134985836
1242,1686017675.95,-25.391,-57.129,81.543,23.926,119440.369,317.58679595152415
1243,1686017675.95,-24.414,-117.188,-4.883,22.461,119440.373,314.98924758371857
1244,1686017675.96,-38.574,-778.32,-355.957,-4.395,119440.377,314.7923162532796
1245,1686017675.96,-35.645,-399.902,-52.734,-9.277,119440.381,317.07378450979627
1246,1686017675.96,-22.949,90.82,157.227,16.113,119440.385,322.4529163244459
1247,1686017675.97,-25.879,-145.02,-0.977,23.438,119440.389,316.33591201731934
1248,1686017675.97,-39.062,-303.711,-40.039,-0.977,119440.39,314.1771067657505
1249,1686017675.97,-48.828,139.648,102.051,-11.23,119440.394,313.33499424252204
1250,1686017675.98,-38.086,340.332,155.762,2.441,119440.398,317.11133342659
1251,1686017675.98,-22.949,88.379,62.988,16.113,119440.402,317.98567396303264
1252,1686017675.98,-30.273,212.402,104.492,1.465,119440.406,315.67695842513643
1253,1686017675.99,-28.809,26.855,19.531,-21.973,119440.409,306.4497341381898
1254,1686017675.99,-26.367,-170.898,-5.371,-12.207,119440.413,317.38029453446455
1255,1686017676.0,-23.438,-540.527,-199.219,15.625,119440.417,311.38649815464953
1256,1686017676.0,-34.18,-693.848,-167.969,15.137,119440.421,312.9809542753487
1257,1686017676.0,-43.457,139.16,139.648,-16.113,119440.425,316.1530761003932
1258,1686017676.01,-42.48,220.215,102.051,-14.648,119440.429,323.45693759727135
1259,1686017676.01,-23.926,-46.875,65.918,23.438,119440.433,315.82141223787664
1260,1686017676.01,-20.508,263.184,132.812,-5.371,119440.435,321.5572597788297
1261,1686017676.02,-59.082,371.094,116.699,-47.363,119440.439,317.2225488417155
1262,1686017676.02,-48.828,90.332,22.949,-35.156,119440.443,320.438623402936
1263,1686017676.03,-38.086,2.441,15.137,-20.996,119440.447,313.3371428308266
1264,1686017676.03,-33.691,192.871,103.027,-14.648,119440.451,320.2126747965751
1265,1686017676.03,-42.48,-3.418,-6.348,-42.969,119440.455,313.38670730493664
1266,1686017676.04,-60.547,-374.512,-215.82,-55.664,119440.459,313.4016863331421
1267,1686017676.04,-62.5,-705.078,-251.465,-19.043,119440.462,317.7284722948084
1268,1686017676.04,-56.152,-35.645,89.355,1.953,119440.466,319.1385267133596
1269,1686017676.05,-53.223,352.539,176.758,-7.324,119440.47,313.12626290658864
1270,1686017676.05,-53.711,-322.266,-126.953,-9.766,119440.474,315.3723347657284
1271,1686017676.06,-41.016,-649.414,-169.434,-12.207,119440.478,321.4462013289509
1272,1686017676.06,-30.273,166.016,183.105,-5.859,119440.494,318.6595085912734
1273,1686017676.06,-23.438,460.938,165.527,-2.93,119440.498,317.7978525657693
1274,1686017676.07,-25.391,-143.066,-113.77,-8.301,119440.502,315.84594003311116
1275,1686017676.07,-44.922,-108.887,-9.766,-4.883,119440.506,324.1291099542928
1276,1686017676.08,-40.527,316.406,175.293,-10.254,119440.51,311.83798942199456
1277,1686017676.08,-25.879,108.887,60.547,-9.277,119440.514,317.3857310453561
1278,1686017676.08,-45.898,-600.098,-290.527,-16.113,119440.518,310.430446634834
1279,1686017676.09,-69.336,-525.391,-175.781,-37.598,119440.521,317.6279578057176
1280,1686017676.09,-65.43,252.441,175.293,-28.32,119440.525,306.61478042454354
1281,1686017676.09,-33.203,339.355,120.117,-8.301,119440.529,310.8129860890539
1282,1686017676.1,-29.785,-2.93,16.602,-19.043,119440.533,312.906156779833
1283,1686017676.1,-42.969,-120.605,-20.996,-38.574,119440.537,319.06756046733875
1284,1686017676.1,-35.156,14.16,58.105,-34.18,119440.539,314.0397925180734
1285,1686017676.11,-37.109,82.52,80.566,-23.926,119440.542,317.3441200615666
1286,1686017676.11,-35.156,-406.738,-148.926,-30.273,119440.546,314.9895783164427
1287,1686017676.12,-35.645,-98.145,16.113,-39.551,119440.55,319.9244357492949
1288,1686017676.12,-36.133,319.824,143.066,-31.738,119440.554,322.0110796621241
1289,1686017676.12,-43.945,-67.383,-15.137,7.324,119440.558,310.2844934555998
1290,1686017676.13,-52.246,-520.02,-99.609,16.602,119440.562,309.7049870861203
1291,1686017676.13,-45.41,-16.113,83.008,-21.484,119440.566,318.47434607489
1292,1686017676.14,-47.363,432.129,174.316,-24.414,119440.57,316.26235710765786
1293,1686017676.14,-43.945,10.254,-1.465,-12.207,119440.574,310.23928651295245
1294,1686017676.14,-51.758,-504.883,-112.793,-20.996,119440.578,313.73886446480384
1295,1686017676.15,-66.895,58.105,110.84,-42.48,119440.581,313.7350428856292
