timestamps,TP9,AF7,AF8,TP10,Secondary Timestamp
1686621879.231,-57.129,-308.594,87.402,-53.223,1257.129
1686621879.235,6.836,-495.605,37.109,8.789,1257.133
1686621879.239,14.160,-239.258,123.535,3.906,1257.137
1686621879.243,-37.598,-133.789,108.398,-49.316,1257.141
1686621879.247,-48.828,-379.883,43.457,-49.316,1257.144
1686621879.251,-2.930,-727.051,38.574,0.977,1257.148
1686621879.255,25.879,-676.270,142.090,19.043,1257.152
1686621879.258,-18.066,-426.270,177.734,-23.926,1257.156
1686621879.262,-55.664,-484.375,62.500,-64.941,1257.160
1686621879.266,-20.996,-889.648,-82.031,-25.391,1257.164
1686621879.270,23.926,-523.926,176.758,18.066,1257.168
1686621879.274,-6.348,-51.758,195.312,-24.902,1257.172
1686621879.275,-59.570,-400.879,-22.949,-67.383,1257.171
1686621879.279,-42.969,-531.250,55.664,-37.109,1257.175
1686621879.283,9.766,-98.633,200.684,14.648,1257.179
1686621879.287,-2.441,-18.555,92.285,-6.348,1257.183
1686621879.291,-60.059,-492.188,-56.641,-71.289,1257.187
1686621879.295,-60.059,-837.891,94.727,-72.266,1257.191
1686621879.299,3.418,-626.953,191.895,-16.113,1257.195
1686621879.302,24.414,-440.918,162.109,-1.465,1257.198
1686621879.306,-38.086,-639.160,-8.301,-52.734,1257.202
1686621879.310,-77.637,-1000.000,-68.848,-80.078,1257.206
1686621879.314,-6.348,-691.895,331.543,-21.973,1257.210
1686621879.318,38.086,-14.160,227.539,12.695,1257.214
1686621879.321,-28.809,-357.910,-84.473,-34.668,1257.219
1686621879.325,-81.055,-530.273,50.781,-83.008,1257.223
1686621879.329,-33.691,-155.762,210.449,-44.922,1257.227
1686621879.333,30.273,2.930,133.301,5.859,1257.231
1686621879.337,10.254,-330.078,6.348,-9.277,1257.234
1686621879.341,-53.223,-752.441,-38.086,-64.941,1257.238
1686621879.345,-51.270,-619.629,136.230,-69.824,1257.242
1686621879.348,10.254,-199.219,178.223,-10.254,1257.246
1686621879.352,-0.977,-714.355,-89.844,-2.930,1257.250
1686621879.356,-71.289,-660.156,78.125,-71.777,1257.254
1686621879.360,-75.195,-191.895,198.730,-87.402,1257.258
1686621879.364,-4.883,-308.105,97.656,-16.602,1257.262
1686621879.365,6.348,-543.945,83.984,-7.812,1257.261
1686621879.369,-49.316,-351.562,140.625,-66.895,1257.265
1686621879.373,-69.336,-244.629,117.676,-75.684,1257.269
1686621879.377,-10.254,-371.582,106.445,-23.438,1257.273
1686621879.381,33.691,-378.418,194.336,8.789,1257.277
1686621879.385,-8.301,-523.438,57.617,-25.391,1257.281
1686621879.389,-63.477,-729.980,8.789,-61.523,1257.285
1686621879.392,-37.598,-786.133,90.332,-45.410,1257.289
1686621879.396,8.301,-955.566,2.441,-9.766,1257.293
1686621879.400,-15.625,-463.379,187.500,-22.949,1257.296
1686621879.404,-64.453,-175.293,165.527,-73.242,1257.300
1686621879.408,-51.270,-573.242,-13.184,-57.617,1257.304
1686621879.413,15.625,-287.109,152.832,9.766,1257.320
1686621879.417,16.602,-5.859,150.879,11.719,1257.324
1686621879.421,-59.082,-484.863,-58.594,-44.922,1257.328
1686621879.425,-76.660,-900.879,-134.766,-53.223,1257.332
1686621879.429,-6.836,-493.652,137.207,2.930,1257.336
1686621879.433,30.273,-303.711,144.043,28.320,1257.339
1686621879.437,-21.973,-682.129,-46.387,-23.438,1257.343
1686621879.440,-68.848,-933.594,-88.867,-62.988,1257.347
1686621879.444,-25.879,-529.785,174.805,-22.461,1257.351
1686621879.448,20.508,32.715,238.281,14.160,1257.355
1686621879.452,-17.578,-191.895,0.000,-18.066,1257.359
1686621879.456,-78.125,-628.418,0.977,-76.172,1257.363
1686621879.455,-44.434,-333.496,180.664,-67.383,1257.352
1686621879.459,23.926,77.148,192.871,-3.418,1257.355
1686621879.463,0.977,-143.066,12.695,-6.348,1257.359
1686621879.467,-65.918,-486.816,2.441,-70.312,1257.363
1686621879.471,-60.547,-438.965,145.508,-67.871,1257.367
1686621879.475,6.348,-437.500,159.180,-13.184,1257.371
1686621879.479,10.254,-587.891,54.199,-0.488,1257.375
1686621879.482,-53.223,-979.004,-81.055,-43.457,1257.379
1686621879.486,-66.895,-805.664,246.582,-64.941,1257.383
1686621879.490,-3.906,-219.238,263.672,-7.812,1257.387
1686621879.494,20.508,-307.617,24.902,10.254,1257.391
1686621879.498,-33.203,-417.480,60.059,-40.527,1257.394
1686621879.515,-74.707,-231.934,123.535,-73.242,1257.411
1686621879.519,-24.414,-199.219,110.840,-34.180,1257.415
1686621879.523,30.273,-371.582,30.273,13.672,1257.419
1686621879.527,-10.742,-246.094,99.121,-14.160,1257.423
1686621879.531,-68.848,-250.488,85.449,-76.172,1257.427
1686621879.535,-44.434,-634.277,10.254,-55.664,1257.431
1686621879.539,25.391,-867.676,-34.180,12.695,1257.435
1686621879.542,14.648,-666.504,104.492,4.883,1257.439
1686621879.546,-51.758,-397.949,208.496,-59.082,1257.442
1686621879.550,-51.270,-458.496,85.938,-70.312,1257.446
1686621879.554,14.648,-675.781,72.266,-3.418,1257.450
1686621879.558,29.297,-239.746,165.527,20.996,1257.454
1686621879.545,-38.086,-110.352,123.535,-37.598,1257.456
1686621879.549,-68.848,-489.746,30.273,-62.988,1257.460
1686621879.553,-12.207,-468.262,119.141,-6.836,1257.464
1686621879.557,25.391,-72.754,198.242,30.273,1257.468
1686621879.561,-18.555,-247.559,35.156,-33.203,1257.472
1686621879.565,-65.430,-782.227,-81.055,-79.102,1257.476
1686621879.569,-26.367,-904.785,66.406,-30.273,1257.480
1686621879.572,31.250,-560.059,196.777,15.137,1257.484
1686621879.576,4.883,-186.035,146.484,-14.648,1257.488
1686621879.580,-58.594,-607.422,-88.867,-58.105,1257.491
1686621879.584,-53.711,-953.125,-26.855,-40.527,1257.495
1686621879.588,9.277,-220.703,250.000,7.324,1257.499
1686621879.606,10.742,55.176,124.023,11.719,1257.503
1686621879.610,-61.523,-613.281,-98.633,-47.852,1257.507
1686621879.614,-67.383,-662.109,75.195,-62.012,1257.511
1686621879.618,-3.906,-109.375,231.934,-0.488,1257.515
1686621879.622,2.930,-65.430,98.633,17.090,1257.519
1686621879.626,-61.523,-744.141,-82.520,-32.227,1257.523
1686621879.630,-91.797,-899.414,56.641,-62.012,1257.527
1686621879.633,-30.273,-303.711,245.117,-20.508,1257.531
1686621879.637,14.160,-153.809,120.605,13.672,1257.535
1686621879.641,-39.551,-783.203,-114.746,-30.273,1257.538
1686621879.645,-82.520,-698.242,87.402,-78.125,1257.542
1686621879.649,-36.133,-209.961,218.262,-38.086,1257.546
1686621879.650,19.043,-302.246,75.195,15.625,1257.560
1686621879.654,-8.789,-516.113,58.105,-14.160,1257.564
1686621879.658,-62.500,-434.082,112.305,-67.871,1257.567
1686621879.662,-44.434,-279.297,153.809,-48.340,1257.571
1686621879.666,18.066,-367.676,57.129,13.672,1257.575
1686621879.670,17.578,-753.906,17.090,14.648,1257.579
1686621879.674,-48.828,-860.840,82.031,-45.410,1257.583
1686621879.677,-62.988,-739.258,134.277,-61.035,1257.587
1686621879.681,-0.977,-678.223,71.289,-1.953,1257.591
1686621879.685,11.719,-940.918,-43.457,17.578,1257.595
1686621879.689,-32.715,-550.781,169.922,-36.621,1257.599
1686621879.693,-69.824,-332.031,157.227,-64.453,1257.603
1686621879.696,-25.879,-602.051,32.715,-12.695,1257.594
1686621879.700,26.855,-259.766,153.809,30.762,1257.597
1686621879.704,-15.625,-109.375,68.848,-8.301,1257.601
1686621879.708,-69.824,-610.352,-89.355,-54.199,1257.605
1686621879.712,-39.062,-909.180,-46.875,-32.227,1257.609
1686621879.716,23.926,-711.426,117.676,18.555,1257.613
1686621879.720,-0.488,-406.250,191.406,6.348,1257.617
1686621879.723,-62.500,-475.586,25.391,-49.805,1257.621
1686621879.727,-51.270,-895.508,-106.445,-54.688,1257.625
1686621879.731,10.254,-513.672,156.250,-9.766,1257.629
1686621879.735,19.531,-36.621,191.406,-7.324,1257.633
1686621879.739,-45.898,-404.297,-24.902,-54.688,1257.636
1686621879.740,-73.730,-790.527,20.020,-70.801,1257.636
1686621879.744,-7.812,-378.906,207.031,-23.926,1257.640
1686621879.748,30.273,-76.660,149.414,7.812,1257.644
1686621879.752,-32.227,-368.652,4.395,-39.062,1257.648
1686621879.756,-71.777,-717.773,52.734,-78.125,1257.652
1686621879.760,-21.484,-769.531,149.414,-31.250,1257.656
1686621879.764,25.391,-573.242,181.152,20.996,1257.660
1686621879.767,-9.766,-664.551,38.086,-15.625,1257.664
1686621879.771,-61.035,-1000.000,-69.336,-52.246,1257.668
1686621879.775,-21.484,-797.363,248.047,-29.785,1257.672
1686621879.779,20.996,-234.863,255.859,-11.230,1257.676
1686621879.783,-15.625,-331.055,17.578,-36.133,1257.679
1686621879.786,-64.941,-599.609,-3.418,-78.613,1257.689
1686621879.790,-64.941,-410.645,153.320,-81.055,1257.693
1686621879.794,-2.441,-195.312,153.320,-20.508,1257.696
1686621879.798,6.348,-449.219,33.691,6.836,1257.700
1686621879.802,-53.711,-472.656,63.477,-41.504,1257.704
1686621879.806,-68.848,-647.461,41.016,-66.895,1257.708
1686621879.810,-17.578,-716.309,123.047,-10.742,1257.712
1686621879.813,3.418,-796.875,-14.160,38.086,1257.716
1686621879.817,-38.086,-804.199,60.059,0.488,1257.720
1686621879.821,-67.383,-495.117,220.703,-31.250,1257.724
1686621879.825,-22.949,-470.703,117.188,23.438,1257.728
1686621879.829,29.785,-672.363,104.004,77.637,1257.732
1686621879.830,5.859,-354.004,159.180,49.316,1257.726
1686621879.834,-39.551,-292.969,120.117,-6.348,1257.730
1686621879.838,-19.043,-521.484,109.863,8.301,1257.734
1686621879.842,39.062,-380.859,223.633,67.383,1257.738
1686621879.846,26.855,-251.465,119.141,75.195,1257.742
1686621879.850,-35.645,-659.668,-26.367,36.133,1257.746
1686621879.854,-36.133,-923.828,44.434,37.598,1257.750
1686621879.857,21.973,-977.539,32.227,80.078,1257.754
1686621879.861,43.945,-500.977,227.539,74.219,1257.758
1686621879.865,-9.277,-199.219,168.457,14.160,1257.762
1686621879.869,-37.598,-760.742,-16.602,-8.789,1257.765
1686621879.873,10.254,-757.324,149.902,36.621,1257.769
1686621879.877,43.457,-139.160,226.562,67.871,1257.786
1686621879.881,3.906,-162.598,83.984,23.438,1257.790
1686621879.885,-46.875,-803.223,-119.141,-20.996,1257.794
1686621879.889,-14.648,-667.480,120.605,8.301,1257.798
1686621879.893,42.480,-121.094,235.840,56.641,1257.801
1686621879.897,20.020,-453.125,-53.223,38.086,1257.805
1686621879.901,-48.340,-940.918,-138.672,-27.344,1257.809
1686621879.904,-38.086,-697.266,176.270,-25.879,1257.813
1686621879.908,31.250,-198.730,278.320,27.832,1257.817
1686621879.912,27.344,-234.863,65.430,32.227,1257.821
1686621879.916,-41.016,-610.840,28.809,-20.996,1257.825
1686621879.920,-59.570,-513.672,147.461,-38.086,1257.829
1686621879.921,5.371,-206.055,203.613,18.555,1257.830
1686621879.925,31.250,-355.957,62.012,40.039,1257.834
1686621879.929,-24.414,-715.820,24.902,-12.207,1257.838
1686621879.933,-46.875,-545.410,162.598,-50.293,1257.842
1686621879.937,6.348,-358.398,186.035,2.930,1257.846
1686621879.941,48.828,-591.797,36.621,41.992,1257.850
1686621879.945,1.465,-981.934,-41.504,-12.207,1257.853
1686621879.948,-50.781,-930.176,161.621,-61.035,1257.857
1686621879.952,-25.391,-437.012,196.289,-46.875,1257.861
1686621879.956,26.855,-524.414,43.945,8.301,1257.865
1686621879.960,22.461,-778.320,107.910,7.812,1257.869
1686621879.964,-31.738,-455.566,182.617,-44.922,1257.873
1686621879.981,-35.156,-407.227,107.422,-39.062,1257.879
1686621879.985,23.926,-600.098,82.031,19.531,1257.883
1686621879.989,23.438,-383.789,119.629,24.902,1257.887
1686621879.993,-42.969,-417.480,34.180,-32.715,1257.891
1686621879.997,-63.477,-802.246,-35.156,-52.734,1257.895
1686621880.001,-8.789,-995.117,-36.621,5.859,1257.899
1686621880.005,16.602,-875.488,169.922,37.109,1257.902
1686621880.008,-35.156,-395.020,199.707,-21.484,1257.906
1686621880.012,-71.777,-543.457,16.602,-65.430,1257.910
1686621880.016,-20.508,-727.539,97.656,-18.066,1257.914
1686621880.020,32.227,-238.281,196.777,21.484,1257.918
1686621880.024,-1.953,-136.230,86.426,-13.184,1257.922
1686621880.025,-59.082,-593.750,-73.730,-58.594,1257.922
1686621880.029,-39.551,-768.066,36.133,-35.645,1257.926
1686621880.033,29.785,-333.496,193.848,15.625,1257.930
1686621880.037,20.020,-196.777,118.164,8.301,1257.933
1686621880.041,-51.270,-588.867,-58.594,-47.363,1257.937
1686621880.045,-42.480,-960.449,5.371,-55.176,1257.941
1686621880.049,24.414,-823.730,163.086,3.906,1257.945
1686621880.052,32.227,-672.363,126.953,18.066,1257.949
1686621880.056,-25.879,-852.539,-22.949,-41.016,1257.953
1686621880.060,-66.406,-1000.000,-64.941,-67.871,1257.957
1686621880.064,-19.043,-660.156,269.531,-17.090,1257.961
1686621880.068,23.926,-223.633,217.285,12.207,1257.965
1686621880.071,-9.766,-540.039,-63.477,-24.902,1257.969
1686621880.075,-56.641,-649.902,61.035,-73.730,1257.973
1686621880.079,-21.484,-331.543,177.734,-43.945,1257.977
1686621880.083,23.926,-253.418,88.867,11.230,1257.981
1686621880.087,-13.184,-649.414,-26.367,-23.438,1257.985
1686621880.091,-64.453,-993.652,-43.945,-78.125,1257.989
1686621880.095,-41.992,-768.066,160.156,-60.547,1257.992
1686621880.098,25.879,-387.695,154.297,7.812,1257.996
1686621880.102,8.789,-805.664,-141.113,8.301,1258.000
1686621880.106,-61.035,-1000.000,66.895,-50.781,1258.004
1686621880.110,-57.617,-616.211,237.793,-58.594,1258.008
1686621880.114,5.859,-456.543,96.191,0.977,1258.012
1686621880.115,25.391,-686.035,87.891,20.020,1258.011
1686621880.119,-28.809,-532.227,89.844,-44.922,1258.015
1686621880.123,-59.570,-466.797,77.637,-66.895,1258.019
1686621880.127,3.418,-506.348,120.117,-0.977,1258.023
1686621880.131,45.410,-475.098,141.113,36.133,1258.027
1686621880.135,-6.836,-701.172,-16.113,-14.648,1258.031
1686621880.139,-51.758,-963.379,-44.434,-60.059,1258.035
1686621880.142,-15.625,-972.656,52.734,-22.949,1258.039
1686621880.146,29.785,-978.516,-28.320,37.109,1258.043
1686621880.150,20.020,-598.633,156.250,20.508,1258.047
1686621880.154,-37.109,-395.508,147.949,-46.387,1258.050
1686621880.158,-56.152,-821.777,-42.969,-52.734,1258.054
1686621880.172,-4.395,-734.863,111.328,-8.301,1258.069
1686621880.176,4.883,-239.746,167.969,-3.906,1258.073
1686621880.180,-43.457,-386.230,-18.066,-50.781,1258.077
1686621880.184,-64.453,-861.328,-148.926,-61.523,1258.081
1686621880.188,-8.301,-611.328,101.562,-14.160,1258.085
1686621880.192,27.344,-442.383,109.863,1.953,1258.089
1686621880.196,-25.879,-767.578,-103.027,-37.109,1258.093
1686621880.199,-63.965,-952.148,-119.141,-57.617,1258.097
1686621880.203,-8.789,-629.883,152.344,-10.254,1258.101
1686621880.207,42.480,-187.988,208.984,32.227,1258.105
1686621880.211,8.789,-394.043,-10.254,-10.742,1258.108
1686621880.215,-47.852,-790.039,1.465,-60.547,1258.112
1686621880.206,-26.855,-674.805,110.352,-21.484,1258.114
1686621880.210,22.949,-355.957,106.934,22.949,1258.118
1686621880.214,0.488,-555.176,-45.898,-2.930,1258.122
1686621880.218,-63.477,-833.008,-0.977,-64.941,1258.126
1686621880.222,-50.293,-645.996,156.738,-56.641,1258.130
1686621880.226,21.973,-636.230,152.832,11.230,1258.134
1686621880.230,19.043,-797.363,12.695,11.230,1258.138
1686621880.233,-54.688,-987.793,-109.375,-46.387,1258.142
1686621880.237,-62.988,-691.406,191.406,-64.941,1258.146
1686621880.241,-0.977,-255.371,225.586,-10.742,1258.150
1686621880.245,19.531,-446.289,-14.648,15.625,1258.154
1686621880.249,-25.879,-654.297,22.949,-42.969,1258.157
1686621880.251,-71.289,-521.973,137.695,-82.520,1258.161
1686621880.255,-29.785,-462.402,123.047,-37.598,1258.164
1686621880.259,28.320,-608.887,40.039,13.672,1258.168
1686621880.263,-6.836,-492.676,74.219,-15.137,1258.172
1686621880.267,-68.848,-514.160,22.461,-66.895,1258.176
1686621880.271,-38.086,-807.129,-20.996,-41.504,1258.180
1686621880.275,23.926,-973.633,-50.293,28.320,1258.184
1686621880.278,-9.277,-789.062,170.410,6.348,1258.188
1686621880.282,-68.848,-463.867,193.359,-62.500,1258.192
1686621880.286,-58.594,-640.137,38.086,-52.246,1258.196
1686621880.290,-4.395,-698.730,119.141,1.465,1258.200
1686621880.294,12.695,-312.012,153.809,14.160,1258.203
1686621880.295,-38.574,-334.473,29.297,-34.668,1258.206
1686621880.299,-64.453,-689.453,-84.961,-62.988,1258.210
1686621880.303,-4.395,-742.676,43.457,-12.207,1258.213
1686621880.307,37.598,-315.430,148.926,27.344,1258.217
1686621880.311,-21.973,-452.637,-5.859,-32.715,1258.221
1686621880.315,-74.219,-957.031,-145.996,-79.590,1258.225
1686621880.319,-35.645,-1000.000,-52.246,-30.762,1258.229
1686621880.322,20.996,-796.875,220.703,20.020,1258.233
1686621880.326,6.348,-541.016,199.707,-10.742,1258.237
1686621880.330,-62.012,-773.438,-97.168,-68.848,1258.241
1686621880.334,-60.059,-866.211,39.062,-55.664,1258.245
1686621880.338,8.789,-304.688,243.164,2.930,1258.249
1686621880.371,-1.465,-213.867,83.984,-4.883,1258.268
1686621880.375,-66.406,-724.121,-94.238,-52.246,1258.272
1686621880.379,-55.664,-698.242,60.059,-46.875,1258.276
1686621880.383,0.000,-276.855,207.031,3.418,1258.280
1686621880.387,-1.465,-370.605,27.344,7.324,1258.284
1686621880.391,-51.758,-871.094,-118.164,-49.316,1258.288
1686621880.395,-74.219,-979.492,37.598,-72.754,1258.291
1686621880.398,-22.461,-497.070,208.496,-20.996,1258.295
1686621880.402,22.461,-341.309,83.984,16.113,1258.299
1686621880.406,-17.090,-875.488,-161.133,-19.531,1258.303
1686621880.410,-64.453,-1000.000,36.621,-65.918,1258.307
1686621880.414,-26.855,-565.918,221.680,-45.898,1258.311
1686621880.400,37.598,-433.594,42.480,12.207,1258.297
1686621880.404,7.812,-748.047,26.855,-2.930,1258.300
1686621880.408,-64.941,-680.664,124.023,-64.453,1258.304
1686621880.412,-48.340,-503.418,127.441,-51.270,1258.308
1686621880.416,13.184,-513.184,67.383,15.137,1258.312
1686621880.420,3.906,-748.047,26.855,11.719,1258.316
1686621880.424,-51.270,-899.902,-9.277,-49.316,1258.320
1686621880.427,-62.012,-964.844,-18.066,-51.270,1258.324
1686621880.431,-14.648,-878.906,125.977,0.488,1258.328
1686621880.435,1.953,-563.477,184.082,7.812,1258.332
1686621880.439,-50.781,-420.898,75.195,-45.410,1258.336
1686621880.443,-80.078,-558.594,17.090,-77.148,1258.340
1686621880.446,-20.508,-866.699,-94.238,-21.973,1258.344
1686621880.450,29.297,-1000.000,-76.660,28.320,1258.348
1686621880.454,-8.789,-610.352,197.754,-21.484,1258.352
1686621880.458,-85.449,-496.094,110.840,-90.332,1258.356
1686621880.462,-76.172,-801.758,9.277,-74.219,1258.359
1686621880.466,-14.160,-785.645,131.348,-9.766,1258.363
1686621880.470,-21.973,-589.355,147.461,-28.809,1258.367
1686621880.473,-75.684,-586.914,23.438,-94.238,1258.371
1686621880.477,-75.684,-905.273,-98.145,-78.125,1258.375
1686621880.481,-15.137,-556.641,172.852,-13.672,1258.379
1686621880.485,-2.930,-136.719,208.496,-13.672,1258.383
1686621880.489,-56.641,-487.305,-28.809,-63.477,1258.387
1686621880.490,-72.266,-812.988,12.207,-70.801,1258.387
1686621880.494,-8.789,-458.008,185.059,-6.348,1258.391
1686621880.498,17.090,-290.527,103.027,23.438,1258.394
1686621880.502,-33.691,-683.594,-89.844,-29.297,1258.398
1686621880.506,-69.824,-890.625,28.320,-55.176,1258.402
1686621880.510,-26.367,-801.270,169.434,-18.066,1258.406
1686621880.514,24.414,-673.828,161.133,19.043,1258.410
1686621880.517,-14.648,-802.246,22.461,-13.184,1258.414
1686621880.521,-81.543,-1000.000,-92.285,-64.453,1258.418
1686621880.525,-58.105,-646.973,221.191,-44.434,1258.422
1686621880.529,8.301,-203.613,208.984,2.441,1258.426
1686621880.533,4.395,-457.520,-69.336,-6.348,1258.430
1686621880.536,-58.105,-672.852,13.672,-59.570,1258.434
1686621880.540,-56.152,-454.102,174.805,-60.547,1258.437
1686621880.544,11.719,-293.945,131.348,6.348,1258.441
1686621880.548,21.484,-509.766,3.418,16.602,1258.445
1686621880.552,-46.387,-568.359,16.602,-49.805,1258.449
1686621880.556,-76.172,-795.410,30.762,-74.219,1258.453
1686621880.560,-19.531,-861.816,122.070,-21.484,1258.457
1686621880.563,10.254,-920.898,-34.180,13.672,1258.461
1686621880.567,-36.133,-866.699,49.805,-30.273,1258.465
1686621880.571,-76.172,-481.445,198.730,-84.473,1258.469
1686621880.575,-37.109,-497.559,112.793,-45.410,1258.473
1686621880.579,10.742,-507.812,118.652,6.836,1258.477
1686621880.580,-21.973,-297.852,143.555,-19.043,1258.477
1686621880.584,-63.477,-344.727,69.336,-72.754,1258.480
1686621880.588,-37.109,-614.746,64.941,-56.641,1258.484
1686621880.592,19.043,-546.387,214.844,9.766,1258.488
1686621880.596,12.207,-336.914,117.188,1.953,1258.492
1686621880.600,-53.711,-758.789,-47.363,-52.734,1258.496
1686621880.604,-64.941,-997.559,-34.668,-55.664,1258.500
1686621880.607,0.977,-968.750,-33.691,3.418,1258.504
1686621880.611,22.949,-737.793,161.621,12.695,1258.508
1686621880.615,-40.527,-490.234,170.898,-48.828,1258.512
1686621880.619,-73.242,-717.773,-6.836,-78.613,1258.516
1686621880.623,-16.602,-625.488,136.719,-24.902,1258.520
1686621880.626,20.996,-340.820,115.234,14.648,1258.535
1686621880.630,-27.832,-418.945,30.762,-26.855,1258.539
1686621880.634,-70.801,-776.855,-47.852,-71.777,1258.543
1686621880.638,-27.344,-568.359,105.957,-36.621,1258.547
1686621880.642,29.785,-159.668,187.988,23.438,1258.551
1686621880.646,0.977,-586.914,-72.266,3.418,1258.555
1686621880.650,-68.848,-987.305,-149.414,-57.129,1258.559
1686621880.653,-54.199,-707.520,171.875,-63.477,1258.563
1686621880.657,7.812,-226.074,253.906,-7.324,1258.567
1686621880.661,7.812,-275.879,59.570,1.953,1258.570
1686621880.665,-52.246,-751.465,-6.348,-54.688,1258.574
1686621880.669,-66.406,-880.371,88.867,-61.523,1258.578
1686621880.671,-1.953,-440.430,214.355,-5.859,1258.580
1686621880.675,22.949,-341.797,53.223,20.996,1258.584
1686621880.679,-33.691,-773.926,4.395,-22.461,1258.588
1686621880.683,-57.617,-667.480,159.180,-56.641,1258.592
1686621880.687,-3.906,-451.660,167.969,-14.160,1258.596
1686621880.691,33.203,-609.863,61.035,25.879,1258.600
1686621880.695,-18.066,-959.473,-74.707,-7.324,1258.604
1686621880.698,-68.848,-872.070,165.527,-62.012,1258.608
1686621880.702,-34.180,-456.543,220.703,-38.574,1258.612
1686621880.706,18.066,-491.211,60.059,23.438,1258.615
1686621880.710,-5.371,-584.473,131.348,4.883,1258.619
1686621880.714,-65.430,-422.363,151.855,-56.641,1258.623
1686621880.731,-50.293,-430.176,115.723,-41.504,1258.629
1686621880.735,14.160,-651.367,58.594,20.508,1258.633
1686621880.739,16.113,-558.594,112.305,17.578,1258.636
1686621880.743,-51.758,-358.887,129.883,-42.969,1258.640
1686621880.747,-75.195,-464.844,49.805,-72.266,1258.644
1686621880.751,-21.484,-881.836,-110.352,-11.230,1258.648
1686621880.755,8.789,-819.824,143.066,21.484,1258.652
1686621880.758,-27.832,-350.098,216.797,-40.039,1258.656
1686621880.762,-64.941,-573.242,13.672,-64.941,1258.660
1686621880.766,-18.555,-756.348,84.961,-14.648,1258.664
1686621880.770,37.109,-384.766,149.902,20.996,1258.668
1686621880.774,3.418,-272.461,121.094,-12.695,1258.672
1686621880.775,-60.059,-610.840,-9.766,-67.871,1258.672
1686621880.779,-31.250,-785.645,18.555,-43.457,1258.676
1686621880.783,38.086,-356.445,186.035,19.531,1258.679
1686621880.787,20.508,-261.230,70.312,9.277,1258.683
1686621880.791,-37.109,-766.602,-126.953,-44.434,1258.687
1686621880.795,-25.879,-979.004,6.836,-33.691,1258.691
1686621880.799,45.410,-754.395,180.664,28.809,1258.695
1686621880.802,54.199,-658.203,151.855,34.668,1258.699
1686621880.806,-24.414,-847.168,-14.160,-24.902,1258.703
1686621880.810,-54.199,-1000.000,-82.520,-46.875,1258.707
1686621880.814,9.766,-558.105,241.211,7.812,1258.711
1686621880.818,37.109,-153.809,187.500,32.715,1258.715
1686621880.836,-19.043,-563.965,-95.703,-17.578,1258.734
1686621880.840,-65.918,-704.102,36.133,-59.570,1258.738
1686621880.844,-15.137,-339.844,184.570,-15.625,1258.742
1686621880.848,44.922,-204.102,127.441,35.156,1258.746
1686621880.852,2.441,-563.477,-60.547,-2.441,1258.750
1686621880.856,-63.965,-905.273,-88.379,-61.523,1258.754
1686621880.860,-39.062,-854.004,133.789,-42.480,1258.757
1686621880.863,16.602,-659.668,127.930,12.207,1258.761
1686621880.867,-0.488,-898.438,-72.266,9.766,1258.765
1686621880.871,-65.430,-900.391,153.320,-54.688,1258.769
1686621880.875,-58.105,-436.523,249.023,-69.824,1258.773
1686621880.879,14.648,-396.484,112.305,-8.301,1258.777
1686621880.865,32.715,-526.855,91.309,12.695,1258.762
1686621880.869,-25.391,-363.770,107.422,-50.781,1258.765
1686621880.873,-58.105,-390.137,54.688,-74.707,1258.769
1686621880.877,-1.465,-480.957,85.449,-17.578,1258.773
1686621880.881,41.016,-510.254,144.043,20.508,1258.777
1686621880.885,-1.465,-674.805,14.160,-18.555,1258.781
1686621880.889,-56.152,-915.039,-28.320,-59.570,1258.785
1686621880.892,-26.367,-875.000,135.254,-22.461,1258.789
1686621880.896,30.273,-520.020,195.312,27.344,1258.793
1686621880.900,-0.977,-443.848,37.598,2.441,1258.797
1686621880.904,-68.848,-557.617,74.219,-53.711,1258.801
1686621880.908,-44.434,-729.492,-15.137,-32.715,1258.805
1686621880.911,23.438,-1000.000,-78.125,33.203,1258.809
1686621880.915,20.508,-677.734,261.719,19.043,1258.813
1686621880.919,-44.434,-372.559,137.207,-50.781,1258.816
1686621880.923,-57.129,-683.594,-60.547,-49.316,1258.820
1686621880.927,11.230,-364.746,143.555,10.254,1258.824
1686621880.931,30.273,-314.453,52.734,26.367,1258.828
1686621880.935,-17.578,-759.766,-102.051,-10.742,1258.832
1686621880.938,-53.711,-949.707,-103.516,-40.527,1258.836
1686621880.942,-11.230,-564.453,165.039,-18.066,1258.840
1686621880.946,30.762,-45.898,222.168,12.207,1258.844
1686621880.950,-11.719,-248.047,-14.160,-19.531,1258.848
1686621880.954,-61.523,-774.414,-28.809,-64.453,1258.852
1686621880.956,-30.762,-710.938,129.395,-41.992,1258.865
1686621880.960,34.180,-165.039,172.363,7.812,1258.869
1686621880.964,3.418,-298.340,-27.344,-10.742,1258.873
1686621880.968,-67.383,-762.207,-7.812,-70.312,1258.877
1686621880.972,-40.527,-567.383,159.180,-41.992,1258.881
1686621880.976,29.785,-472.656,146.973,21.484,1258.885
1686621880.980,20.996,-630.371,48.828,7.324,1258.889
1686621880.983,-41.992,-942.383,-113.281,-51.270,1258.893
1686621880.987,-53.223,-693.848,179.688,-65.918,1258.897
1686621880.991,12.695,-232.910,247.559,-4.395,1258.901
1686621880.995,42.480,-335.938,33.691,21.484,1258.904
1686621880.999,-8.301,-415.527,58.105,-33.203,1258.908
1686621881.016,-54.199,-341.797,122.070,-64.941,1258.913
1686621881.020,-11.719,-282.227,136.719,-33.203,1258.917
1686621881.024,27.832,-529.297,-20.508,2.441,1258.921
1686621881.028,-13.672,-542.969,-3.418,-25.391,1258.925
1686621881.032,-63.477,-398.438,77.148,-81.055,1258.929
1686621881.036,-38.574,-664.062,1.953,-51.758,1258.933
1686621881.040,18.066,-954.102,-81.055,9.766,1258.936
1686621881.043,-2.930,-881.348,32.227,-14.160,1258.940
1686621881.047,-62.012,-382.324,205.078,-77.637,1258.944
1686621881.051,-51.270,-399.414,85.449,-71.289,1258.948
1686621881.055,20.996,-722.168,7.324,-8.301,1258.952
1686621881.059,32.715,-270.996,131.836,0.488,1258.956
1686621881.045,-32.227,-251.953,0.977,-46.387,1258.970
1686621881.049,-57.129,-718.262,-43.457,-59.082,1258.974
1686621881.053,1.465,-533.691,207.520,-1.953,1258.978
1686621881.057,40.039,-111.816,167.969,28.809,1258.982
1686621881.061,-12.695,-303.711,-18.555,-27.832,1258.986
1686621881.065,-59.082,-805.664,-103.027,-68.848,1258.990
1686621881.069,-14.648,-877.930,49.316,-35.645,1258.994
1686621881.072,40.039,-611.328,171.387,13.184,1258.998
1686621881.076,0.488,-476.562,126.465,-13.672,1259.002
1686621881.080,-64.941,-713.379,-92.285,-73.730,1259.006
1686621881.084,-48.828,-1000.000,-94.238,-50.293,1259.009
1686621881.088,11.719,-516.602,267.578,0.488,1259.013
1686621881.106,4.883,-62.988,126.465,-14.648,1259.003
1686621881.110,-61.523,-562.988,-117.188,-70.801,1259.007
1686621881.114,-62.012,-589.844,83.984,-64.941,1259.011
1686621881.118,7.324,-72.266,201.660,10.742,1259.015
1686621881.122,23.438,-12.695,72.266,19.531,1259.019
1686621881.126,-41.992,-735.840,-144.531,-39.551,1259.022
1686621881.130,-71.777,-847.168,6.348,-73.730,1259.026
1686621881.133,-10.254,-400.391,180.664,-28.320,1259.030
1686621881.137,31.250,-504.883,59.082,9.766,1259.034
1686621881.141,-27.832,-840.820,-69.824,-22.461,1259.038
1686621881.145,-77.148,-670.898,90.332,-62.988,1259.042
1686621881.149,-27.344,-234.375,199.219,-29.297,1259.046
1686621881.150,28.809,-260.254,51.758,30.762,1259.046
1686621881.154,-7.812,-767.578,-35.645,-1.465,1259.050
1686621881.158,-69.824,-614.258,126.465,-71.289,1259.054
1686621881.162,-48.828,-274.902,145.996,-49.316,1259.058
1686621881.166,13.184,-380.371,47.852,16.602,1259.062
1686621881.170,3.906,-683.105,7.324,1.953,1259.066
1686621881.174,-58.105,-833.496,-45.898,-60.547,1259.070
1686621881.177,-70.312,-778.320,20.508,-59.082,1259.074
1686621881.181,-8.789,-692.871,111.328,2.441,1259.078
1686621881.185,8.789,-906.738,-17.090,20.020,1259.082
1686621881.189,-44.922,-740.723,103.027,-36.133,1259.086
1686621881.193,-66.895,-425.781,186.523,-64.941,1259.089
1686621881.196,-16.602,-576.172,29.785,-17.578,1259.094
1686621881.200,26.367,-373.047,125.488,16.602,1259.098
1686621881.204,-20.508,-104.492,101.562,-33.203,1259.102
1686621881.208,-72.754,-339.355,-47.852,-78.613,1259.106
1686621881.212,-30.762,-575.684,22.949,-32.715,1259.109
1686621881.216,25.391,-550.781,115.234,28.320,1259.113
1686621881.220,-4.395,-362.793,148.438,4.883,1259.117
1686621881.223,-64.453,-418.457,18.066,-65.918,1259.121
1686621881.227,-48.828,-865.723,-104.492,-45.410,1259.125
1686621881.231,17.090,-475.586,168.457,7.812,1259.129
1686621881.235,24.414,22.949,186.523,-0.977,1259.133
1686621881.239,-44.434,-299.316,-34.668,-54.688,1259.137
1686621881.241,-67.871,-711.914,-7.812,-72.754,1259.140
1686621881.245,-4.395,-559.570,159.180,-10.742,1259.144
1686621881.249,20.996,-93.262,180.176,16.602,1259.148
1686621881.253,-34.668,-310.059,-39.062,-33.691,1259.152
1686621881.257,-80.566,-816.406,-15.625,-65.430,1259.156
1686621881.261,-33.203,-696.289,193.848,-16.113,1259.160
1686621881.265,31.250,-410.156,155.273,33.203,1259.164
1686621881.268,-6.348,-568.848,2.930,0.488,1259.168
1686621881.272,-71.289,-968.262,-105.469,-51.270,1259.171
1686621881.276,-32.227,-560.547,224.121,-39.062,1259.175
1686621881.280,31.738,-19.043,250.488,5.859,1259.179
1686621881.284,6.348,-268.066,-39.551,-1.953,1259.183
1686621881.286,-55.176,-418.945,42.480,-41.016,1259.184
1686621881.290,-44.922,-191.895,167.969,-40.527,1259.188
1686621881.294,9.277,-105.957,104.980,4.395,1259.191
1686621881.298,11.719,-433.594,-35.645,14.160,1259.195
1686621881.302,-48.828,-451.172,12.695,-50.781,1259.199
1686621881.306,-70.312,-526.367,63.477,-69.824,1259.203
1686621881.310,-10.254,-580.078,114.746,-16.602,1259.207
1686621881.313,23.926,-822.754,-102.539,18.066,1259.211
1686621881.317,-16.602,-836.426,12.207,-17.090,1259.215
1686621881.321,-66.406,-296.387,211.426,-73.730,1259.219
1686621881.325,-36.621,-245.117,100.586,-42.969,1259.223
1686621881.329,19.043,-299.316,105.957,15.137,1259.227
1686621881.330,-1.465,-141.602,64.941,-2.441,1259.226
1686621881.334,-54.199,-176.270,12.695,-50.781,1259.230
1686621881.338,-30.273,-354.492,62.500,-26.367,1259.234
1686621881.342,30.762,-255.371,173.828,25.879,1259.238
1686621881.346,14.648,-146.973,70.801,1.953,1259.242
1686621881.350,-54.199,-612.793,-61.035,-58.105,1259.246
1686621881.354,-52.734,-817.871,-48.828,-55.176,1259.250
1686621881.357,6.836,-987.305,-48.340,10.742,1259.254
1686621881.361,16.113,-662.598,270.996,16.113,1259.258
1686621881.365,-40.039,-114.746,181.152,-44.922,1259.262
1686621881.369,-64.941,-490.234,-71.777,-59.082,1259.265
1686621881.373,-6.836,-374.023,116.211,-12.695,1259.269
1686621881.377,35.156,141.602,194.824,16.113,1259.286
1686621881.381,-5.371,-5.859,39.551,-24.414,1259.290
1686621881.385,-56.641,-579.102,-98.633,-63.965,1259.294
1686621881.389,-24.902,-429.688,119.141,-34.180,1259.297
1686621881.393,25.879,54.199,189.941,7.812,1259.301
1686621881.397,-9.766,-284.180,-69.336,-11.719,1259.305
1686621881.401,-69.824,-880.859,-158.691,-59.082,1259.309
1686621881.404,-41.504,-590.332,170.898,-45.410,1259.313
1686621881.408,23.926,-99.609,218.262,7.812,1259.317
1686621881.412,5.371,-345.703,22.461,7.324,1259.321
1686621881.416,-61.035,-754.395,-0.977,-49.805,1259.325
1686621881.420,-58.594,-433.105,143.066,-59.570,1259.329
1686621881.420,0.977,-17.090,178.223,-7.324,1259.331
1686621881.424,17.578,-100.586,76.172,5.859,1259.335
1686621881.428,-29.297,-357.422,31.738,-39.062,1259.339
1686621881.432,-59.082,-294.434,126.953,-64.941,1259.343
1686621881.436,-18.555,-180.176,138.184,-13.184,1259.347
1686621881.440,17.090,-471.191,24.414,33.691,1259.350
1686621881.444,-21.484,-901.855,-8.789,-0.977,1259.354
1686621881.447,-73.242,-705.078,164.062,-52.246,1259.358
1686621881.451,-30.273,-145.508,190.430,-34.668,1259.362
1686621881.455,24.414,-267.578,49.805,16.113,1259.366
1686621881.459,-9.277,-669.922,42.480,-3.418,1259.370
1686621881.463,-56.641,-555.664,104.492,-53.711,1259.374
1686621881.483,-49.805,-389.160,94.727,-36.133,1259.383
1686621881.487,0.977,-516.113,66.406,22.461,1259.387
1686621881.491,1.953,-335.449,110.352,15.137,1259.391
1686621881.495,-62.500,-100.586,77.637,-56.152,1259.395
1686621881.499,-64.453,-238.770,36.133,-65.918,1259.399
1686621881.503,-1.465,-569.336,16.602,-1.465,1259.403
1686621881.507,18.066,-388.184,129.395,13.672,1259.407
1686621881.510,-31.738,-22.461,154.785,-43.945,1259.411
1686621881.514,-61.035,-315.918,-20.020,-70.312,1259.414
1686621881.518,-15.625,-816.895,-82.520,-19.531,1259.418
1686621881.522,22.461,-325.195,148.438,19.043,1259.422
1686621881.526,-14.648,128.906,144.531,-18.066,1259.426
1686621881.525,-71.777,-255.859,-30.273,-73.242,1259.423
1686621881.529,-44.922,-567.383,18.066,-46.387,1259.426
1686621881.533,21.484,-308.105,177.246,9.277,1259.430
1686621881.537,3.418,42.480,138.672,-11.230,1259.434
1686621881.541,-69.336,-334.473,-69.824,-69.336,1259.438
1686621881.545,-65.430,-825.684,-0.488,-66.406,1259.442
1686621881.549,12.207,-520.508,198.730,-4.883,1259.446
1686621881.552,18.066,-251.953,146.484,4.395,1259.450
1686621881.556,-51.270,-488.281,-38.574,-58.105,1259.454
1686621881.560,-68.848,-1000.000,-65.918,-68.848,1259.458
1686621881.564,-13.184,-693.848,287.598,-15.625,1259.462
1686621881.568,22.461,96.191,223.633,-6.348,1259.466
1686621881.575,-31.250,-141.113,-46.387,-55.176,1259.496
1686621881.579,-76.172,-281.738,76.660,-77.148,1259.500
1686621881.583,-27.832,56.641,187.988,-31.250,1259.503
1686621881.587,27.344,161.133,108.398,7.812,1259.507
1686621881.591,-7.812,-329.590,-110.840,-21.973,1259.511
1686621881.595,-59.082,-656.738,-77.148,-67.383,1259.515
1686621881.599,-23.438,-329.590,181.152,-39.551,1259.519
1686621881.602,33.691,110.840,146.484,15.625,1259.523
1686621881.606,6.836,-583.008,-112.305,0.977,1259.527
1686621881.610,-60.059,-718.262,125.977,-67.383,1259.531
1686621881.614,-62.988,-3.418,239.746,-69.336,1259.535
1686621881.618,3.906,62.500,87.891,-3.906,1259.539
1686621881.615,20.508,-41.504,69.824,-3.418,1259.511
1686621881.619,-39.551,-29.785,86.914,-64.453,1259.515
1686621881.623,-64.453,-39.062,95.703,-79.102,1259.519
1686621881.627,-9.277,-18.066,138.672,-22.461,1259.523
1686621881.631,20.996,-25.391,153.320,6.348,1259.527
1686621881.635,-29.297,-309.570,-53.223,-34.668,1259.531
1686621881.639,-79.102,-533.691,-15.137,-83.496,1259.535
1686621881.642,-39.062,-609.863,98.633,-50.781,1259.539
1686621881.646,33.203,-774.902,36.133,24.902,1259.543
1686621881.650,-3.906,-157.227,158.691,-7.324,1259.547
1686621881.654,-91.797,83.008,84.473,-97.168,1259.551
1686621881.658,-82.520,-385.254,-49.805,-90.332,1259.554
1686621881.661,-15.625,-197.754,134.277,-29.785,1259.559
1686621881.665,-22.949,235.840,173.340,-43.945,1259.563
1686621881.669,-96.680,35.645,-71.777,-92.285,1259.566
1686621881.673,-97.656,-659.180,-182.617,-87.891,1259.570
1686621881.677,-34.668,-598.633,186.035,-45.410,1259.574
1686621881.681,-17.090,-113.281,209.961,-33.203,1259.578
1686621881.685,-63.965,-333.984,-41.016,-69.824,1259.582
1686621881.688,-91.309,-816.406,-132.812,-84.473,1259.586
1686621881.692,-35.645,-417.969,146.484,-31.250,1259.590
1686621881.696,3.418,138.184,165.527,-0.488,1259.594
1686621881.700,-41.504,-245.605,-93.750,-41.992,1259.598
1686621881.704,-97.168,-684.570,-22.949,-87.891,1259.602
1686621881.706,-61.523,-187.012,189.941,-55.664,1259.605
1686621881.710,8.301,289.062,160.156,5.371,1259.609
1686621881.714,-17.578,8.789,0.488,-19.043,1259.613
1686621881.718,-83.496,-226.562,6.348,-82.031,1259.616
1686621881.722,-66.895,-111.328,130.859,-59.082,1259.620
1686621881.726,0.000,-125.488,143.066,0.977,1259.624
1686621881.730,-8.301,-392.578,-5.371,-7.324,1259.628
1686621881.733,-69.824,-912.598,-124.512,-53.223,1259.632
1686621881.737,-70.801,-498.535,203.125,-68.848,1259.636
1686621881.741,-9.277,174.805,216.309,-18.555,1259.640
1686621881.745,14.648,72.754,21.484,9.766,1259.644
1686621881.749,-42.969,-92.285,32.715,-54.688,1259.648
1686621881.753,-81.055,-229.980,5.859,-87.402,1259.660
1686621881.757,-25.391,-13.184,108.887,-33.203,1259.663
1686621881.761,17.578,-131.836,1.465,15.625,1259.667
1686621881.765,-18.066,-138.672,24.414,-19.531,1259.671
1686621881.769,-54.688,-30.273,50.781,-72.754,1259.675
1686621881.773,-15.137,-254.395,-14.648,-41.016,1259.679
1686621881.777,38.574,-729.004,-103.516,15.137,1259.683
1686621881.780,15.625,-728.027,58.594,-2.930,1259.687
1686621881.784,-36.133,-46.387,186.523,-60.547,1259.691
1686621881.788,-29.297,-106.934,55.664,-56.641,1259.695
1686621881.792,38.574,-158.691,96.680,7.324,1259.699
1686621881.796,48.828,205.078,141.602,17.090,1259.702
1686621881.810,-21.484,181.641,73.242,-41.992,1259.706
1686621881.814,-35.645,-122.070,-39.062,-53.223,1259.710
1686621881.818,28.320,-306.152,30.273,12.695,1259.714
1686621881.822,56.152,-62.988,189.941,33.691,1259.718
1686621881.826,4.883,71.289,80.566,-15.137,1259.722
1686621881.830,-41.992,-413.086,-124.512,-49.805,1259.726
1686621881.834,-10.254,-1000.000,-92.285,-3.906,1259.730
1686621881.837,42.480,-633.789,276.855,44.922,1259.734
1686621881.841,19.531,139.160,210.938,-9.766,1259.738
1686621881.845,-40.527,-194.824,-80.078,-65.918,1259.742
1686621881.849,-24.414,-262.207,90.820,-31.250,1259.746
1686621881.853,36.133,291.016,219.727,23.438,1259.749
1686621881.856,14.160,321.289,76.660,5.371,1259.753
1686621881.860,-58.105,-184.082,-99.609,-50.781,1259.757
1686621881.864,-51.270,-212.891,62.988,-47.363,1259.761
1686621881.868,17.090,202.637,205.566,14.648,1259.765
1686621881.872,29.785,214.355,66.895,27.832,1259.768
1686621881.876,-34.180,-449.219,-145.508,-22.949,1259.772
1686621881.880,-51.270,-696.777,7.324,-42.480,1259.776
1686621881.883,10.254,-167.480,240.723,6.836,1259.780
1686621881.887,40.527,172.852,120.117,37.109,1259.784
1686621881.891,-14.160,-698.730,-206.543,-5.371,1259.788
1686621881.895,-62.500,-852.539,49.805,-51.270,1259.792
1686621881.899,-17.578,25.391,261.719,-20.996,1259.796
1686621881.915,43.945,126.465,6.348,38.086,1259.812
1686621881.919,10.742,-94.238,-5.371,20.508,1259.816
1686621881.923,-53.223,-98.145,104.004,-34.668,1259.820
1686621881.927,-32.227,44.434,135.742,-14.160,1259.824
1686621881.931,24.902,5.371,49.316,31.738,1259.828
1686621881.935,8.301,-339.844,-40.039,18.066,1259.832
1686621881.939,-49.805,-496.094,-60.547,-37.598,1259.835
1686621881.942,-44.922,-405.762,63.477,-37.109,1259.839
1686621881.946,14.648,-347.656,103.027,26.367,1259.843
1686621881.950,16.602,-892.090,-52.734,43.945,1259.847
1686621881.954,-40.039,-581.055,178.223,-9.766,1259.851
1686621881.958,-56.641,-8.301,173.340,-26.855,1259.855
1686621881.961,3.418,-152.832,29.785,20.996,1259.859
1686621881.965,40.039,122.070,125.488,47.363,1259.863
1686621881.969,-11.719,301.270,110.840,8.789,1259.867
1686621881.973,-51.758,25.391,-59.082,-28.320,1259.871
1686621881.977,-8.789,-256.348,-56.152,4.395,1259.874
1686621881.981,37.109,-192.383,129.883,31.738,1259.878
1686621881.985,5.371,-85.449,104.004,-0.977,1259.882
1686621881.988,-48.828,-171.387,24.414,-47.363,1259.886
1686621881.992,-31.250,-514.160,14.160,-28.809,1259.890
1686621881.996,33.691,-67.871,125.000,21.973,1259.894
1686621882.000,36.133,142.090,57.129,19.043,1259.898
1686621882.004,-22.949,-300.293,-123.047,-32.227,1259.902
1686621881.990,-40.039,-870.605,-118.652,-30.273,1259.887
1686621881.994,26.367,-521.973,233.398,31.738,1259.890
1686621881.998,57.129,241.699,189.453,44.434,1259.894
1686621882.002,2.930,72.754,-47.852,-11.230,1259.898
1686621882.006,-38.574,-248.535,-26.855,-38.086,1259.902
1686621882.010,4.395,-203.125,118.652,16.602,1259.906
1686621882.014,59.082,-55.664,128.418,63.965,1259.910
1686621882.017,23.438,-244.141,23.926,27.344,1259.914
1686621882.021,-24.902,-282.715,121.094,-18.066,1259.918
1686621882.025,16.113,72.266,166.504,16.113,1259.922
1686621882.029,77.637,357.910,147.461,72.754,1259.926
1686621882.033,50.293,-87.402,-108.398,54.688,1259.930
1686621882.038,-23.926,-961.914,-199.219,-3.418,1259.937
1686621882.042,-9.766,-536.621,216.309,0.977,1259.941
1686621882.046,65.430,260.254,204.102,54.688,1259.945
1686621882.050,64.453,-74.219,-117.188,57.129,1259.949
1686621882.054,-6.348,-239.258,-3.418,-4.395,1259.953
1686621882.058,-22.949,-207.031,58.105,-15.137,1259.957
1686621882.062,44.922,-175.781,79.102,48.828,1259.961
1686621882.065,62.988,-449.219,-41.992,67.871,1259.964
1686621882.069,19.531,-376.465,84.473,30.273,1259.968
1686621882.073,-8.789,106.934,175.293,-5.859,1259.972
1686621882.077,29.297,58.594,101.074,25.391,1259.976
1686621882.081,79.102,66.406,108.887,75.195,1259.980
1686621882.095,41.504,225.098,113.281,44.922,1259.992
1686621882.099,-15.137,153.320,62.988,-5.371,1259.996
1686621882.103,14.160,-57.129,59.570,18.555,1260.000
1686621882.107,79.590,-142.090,156.250,78.613,1260.004
1686621882.111,53.223,-29.785,124.512,56.152,1260.007
1686621882.115,-22.949,-220.215,-6.348,-1.465,1260.011
1686621882.119,-16.113,-464.355,17.578,4.395,1260.015
1686621882.122,48.828,-938.965,-52.246,62.012,1260.019
1686621882.126,60.547,-703.613,170.898,67.871,1260.023
1686621882.130,8.301,78.125,199.219,7.812,1260.027
1686621882.134,-25.391,-103.027,-12.695,-12.207,1260.031
1686621882.138,25.879,-25.879,120.117,35.645,1260.035
1686621882.127,66.895,384.277,161.621,60.547,1260.039
1686621882.131,24.414,263.184,45.410,19.531,1260.043
1686621882.135,-26.367,-243.652,-91.309,-9.766,1260.047
1686621882.139,12.695,-41.504,95.215,24.414,1260.051
1686621882.143,76.172,381.836,178.223,72.754,1260.054
1686621882.147,42.480,-76.660,-80.566,48.340,1260.058
1686621882.151,-22.461,-741.211,-131.348,-9.277,1260.062
1686621882.154,7.812,-415.527,153.809,13.184,1260.066
1686621882.158,72.266,312.988,238.770,72.266,1260.070
1686621882.162,61.035,305.176,62.012,55.664,1260.074
1686621882.166,-17.578,-728.027,-182.129,-0.488,1260.078
1686621882.170,-16.602,-752.930,117.188,1.953,1260.082
1686621882.170,65.918,242.188,270.020,56.152,1260.096
1686621882.174,80.566,268.555,20.996,77.148,1260.100
1686621882.178,16.602,-117.676,-15.137,16.113,1260.104
1686621882.182,-13.672,-93.750,121.094,-13.184,1260.107
1686621882.186,42.480,140.137,171.387,46.387,1260.111
1686621882.190,79.590,-122.559,43.457,81.543,1260.115
1686621882.194,35.645,-796.387,-29.785,37.598,1260.119
1686621882.197,-12.207,-489.746,166.016,-2.441,1260.123
1686621882.201,24.414,105.957,195.801,38.574,1260.127
1686621882.205,77.637,-157.227,67.871,92.773,1260.131
1686621882.209,50.293,-743.164,2.930,62.500,1260.135
1686621882.213,-4.395,-210.449,145.508,-5.859,1260.139
1686621882.231,7.324,182.617,149.902,4.883,1260.128
1686621882.235,77.148,-27.344,87.402,79.102,1260.132
1686621882.239,81.543,128.418,98.145,83.984,1260.136
1686621882.243,8.301,184.570,102.051,10.254,1260.140
1686621882.247,-13.672,44.434,87.891,-14.648,1260.144
1686621882.251,53.711,-371.582,-23.438,47.363,1260.147
1686621882.255,97.656,-234.375,112.305,86.914,1260.151
1686621882.258,40.039,238.281,175.781,31.250,1260.155
1686621882.262,0.977,-32.715,26.367,1.465,1260.159
1686621882.266,56.152,-618.164,-21.973,61.035,1260.163
1686621882.270,93.262,-144.531,138.672,96.191,1260.167
1686621882.274,41.504,88.867,64.453,47.852,1260.171
1686621882.275,-11.719,-382.812,-87.891,-0.488,1260.186
1686621882.279,23.926,-796.875,-40.527,34.668,1260.190
1686621882.283,76.172,-178.223,190.918,81.055,1260.193
1686621882.287,44.922,390.137,135.742,61.523,1260.197
1686621882.291,-17.090,-52.246,-42.480,-3.418,1260.201
1686621882.295,-6.348,-449.219,21.484,2.930,1260.205
1686621882.299,70.312,-280.762,165.039,77.148,1260.209
1686621882.302,72.266,70.801,161.133,74.707,1260.213
1686621882.306,-0.977,-193.359,-39.062,12.695,1260.217
1686621882.310,-26.855,-897.461,-86.426,2.930,1260.221
1686621882.314,40.527,-154.785,233.398,58.105,1260.225
1686621882.318,69.824,517.578,168.457,70.801,1260.229
1686621882.323,10.254,46.875,-86.914,14.648,1260.222
1686621882.327,-26.855,-219.727,16.113,-7.324,1260.226
1686621882.331,21.484,-70.312,180.664,36.133,1260.230
1686621882.335,69.336,315.918,145.020,69.824,1260.234
1686621882.339,29.297,-144.531,-136.230,47.852,1260.238
1686621882.343,-31.738,-641.602,0.977,-8.789,1260.242
1686621882.347,10.742,-183.594,252.930,1.465,1260.246
1686621882.350,75.684,238.770,131.348,59.570,1260.250
1686621882.354,48.340,-180.176,1.465,46.387,1260.254
1686621882.358,-14.648,-145.020,110.352,-9.277,1260.258
1686621882.362,-11.230,227.051,182.617,-10.742,1260.262
1686621882.366,56.641,129.883,100.586,47.852,1260.265
1686621882.365,62.500,-465.820,-14.648,62.500,1260.262
1686621882.369,-2.930,-152.344,128.906,-6.348,1260.265
1686621882.373,-35.645,216.797,150.879,-29.785,1260.269
1686621882.377,18.066,76.660,103.516,38.574,1260.273
1686621882.381,56.641,-18.555,143.555,72.266,1260.277
1686621882.385,6.836,-210.449,75.684,18.066,1260.281
1686621882.389,-41.992,-322.266,109.375,-36.621,1260.285
1686621882.392,4.883,-339.355,130.859,4.395,1260.289
1686621882.396,57.617,-903.320,-58.105,56.152,1260.293
1686621882.400,21.973,-701.172,173.340,23.438,1260.297
1686621882.404,-37.598,40.039,227.051,-24.902,1260.301
1686621882.408,-19.043,-62.500,68.359,-8.301,1260.305
1686621882.411,52.246,156.250,151.855,48.340,1260.321
1686621882.415,40.039,458.008,161.621,45.898,1260.325
1686621882.419,-23.438,216.309,75.684,-18.066,1260.329
1686621882.423,-22.461,-172.363,5.859,-20.508,1260.333
1686621882.427,29.785,100.098,150.879,34.180,1260.337
1686621882.431,41.504,186.523,148.438,44.434,1260.341
1686621882.435,-16.113,-200.684,18.555,-6.348,1260.345
1686621882.438,-49.316,-828.125,-76.172,-30.762,1260.348
1686621882.442,3.418,-682.129,175.293,24.902,1260.352
1686621882.446,52.246,372.070,270.996,58.105,1260.356
1686621882.450,5.371,336.914,66.406,14.160,1260.360
1686621882.454,-54.199,-187.988,55.176,-26.855,1260.364
1686621882.455,-20.508,133.301,195.801,-3.418,1260.351
1686621882.459,40.527,520.020,192.383,48.340,1260.355
1686621882.463,19.043,261.719,36.621,24.414,1260.359
1686621882.467,-43.457,-58.594,64.453,-36.133,1260.363
1686621882.471,-33.691,-22.949,172.852,-17.090,1260.367
1686621882.475,24.414,34.180,180.176,38.086,1260.371
1686621882.479,22.461,-130.371,90.820,32.227,1260.375
1686621882.482,-40.527,-797.852,-54.199,-26.855,1260.379
1686621882.486,-45.410,-349.121,170.898,-41.016,1260.383
1686621882.490,12.695,302.734,229.492,20.020,1260.386
1686621882.494,27.832,-124.512,56.641,44.434,1260.390
1686621882.498,-30.273,-729.492,27.344,-10.742,1260.394
1686621882.502,-65.918,-128.906,199.219,-48.340,1260.411
1686621882.506,-7.812,353.027,188.477,3.418,1260.415
1686621882.510,31.250,86.914,109.375,43.457,1260.419
1686621882.514,-10.742,192.871,149.902,0.977,1260.423
1686621882.518,-56.152,276.367,167.969,-41.504,1260.427
1686621882.522,-24.902,41.992,126.465,-19.043,1260.431
1686621882.526,35.645,-462.891,-11.230,39.062,1260.434
1686621882.529,11.230,-311.523,167.969,20.020,1260.438
1686621882.533,-59.082,240.234,219.727,-56.641,1260.442
1686621882.537,-56.641,123.535,162.109,-47.852,1260.446
1686621882.541,4.395,123.535,248.047,9.766,1260.450
1686621882.545,-1.465,336.914,163.086,-2.441,1260.454
1686621882.546,-79.102,104.004,114.258,-60.059,1260.455
1686621882.550,-99.121,-142.578,132.812,-68.848,1260.459
1686621882.554,-39.551,-284.668,161.133,-7.812,1260.463
1686621882.558,-9.277,243.164,213.379,5.371,1260.467
1686621882.562,-57.617,325.195,124.023,-57.129,1260.470
1686621882.566,-102.051,-299.805,62.500,-88.867,1260.474
1686621882.570,-56.641,-780.273,76.660,-40.039,1260.478
1686621882.573,3.906,-144.531,261.719,9.277,1260.482
1686621882.577,-31.250,484.863,201.660,-25.879,1260.486
1686621882.581,-96.680,-137.695,15.625,-79.102,1260.490
1686621882.585,-73.242,-459.473,159.180,-58.594,1260.494
1686621882.589,-14.648,346.680,268.555,-9.766,1260.498
1686621882.607,-28.320,518.555,156.738,-17.578,1260.505
1686621882.611,-89.355,2.930,33.691,-72.266,1260.509
1686621882.615,-91.309,-112.793,130.859,-74.707,1260.513
1686621882.619,-26.855,188.477,284.668,-20.508,1260.517
1686621882.623,-13.672,514.648,174.805,-20.508,1260.521
1686621882.627,-90.820,-344.727,-147.461,-83.984,1260.525
1686621882.631,-125.488,-760.254,113.281,-102.051,1260.528
1686621882.634,-55.664,237.305,343.262,-38.086,1260.532
1686621882.638,-15.137,509.277,152.344,-1.465,1260.536
1686621882.642,-69.824,13.672,98.633,-64.453,1260.540
1686621882.646,-110.840,69.824,165.039,-108.398,1260.544
1686621882.650,-60.547,379.883,210.938,-63.477,1260.548
1686621882.651,-15.625,411.621,181.641,-26.855,1260.548
1686621882.655,-58.105,256.348,126.953,-64.453,1260.551
1686621882.659,-120.117,263.184,165.527,-119.629,1260.555
1686621882.663,-98.145,375.977,192.383,-102.051,1260.559
1686621882.667,-39.062,304.199,169.922,-36.133,1260.563
1686621882.671,-46.875,33.203,140.625,-40.527,1260.567
1686621882.675,-103.027,-154.297,121.582,-99.609,1260.571
1686621882.678,-104.492,-105.469,197.266,-98.145,1260.575
1686621882.682,-53.711,-18.555,176.270,-41.016,1260.579
1686621882.686,-53.711,-819.824,-23.438,-26.855,1260.583
1686621882.690,-115.234,-833.496,156.250,-82.031,1260.587
1686621882.694,-140.625,175.781,263.184,-114.746,1260.590
1686621882.710,-68.848,309.082,145.508,-57.617,1260.606
1686621882.714,-26.367,482.910,200.684,-24.414,1260.610
1686621882.718,-83.984,645.508,166.992,-71.289,1260.614
1686621882.722,-129.395,442.383,139.160,-107.910,1260.618
1686621882.726,-84.473,192.383,136.719,-81.543,1260.622
1686621882.730,-37.109,176.270,161.133,-32.715,1260.626
1686621882.734,-68.359,346.191,191.406,-51.270,1260.630
1686621882.737,-130.371,445.801,145.996,-119.629,1260.634
1686621882.741,-126.465,-421.875,-26.855,-99.609,1260.638
1686621882.745,-58.105,-649.414,168.945,-33.691,1260.642
1686621882.749,-46.387,523.926,288.574,-51.270,1260.645
1686621882.753,-112.305,516.113,99.609,-115.234,1260.649
1686621882.740,-128.906,41.992,85.938,-119.141,1260.650
1686621882.744,-58.594,468.262,235.840,-63.477,1260.654
1686621882.748,-39.062,826.660,200.195,-50.293,1260.658
1686621882.752,-106.445,539.551,95.703,-99.121,1260.662
1686621882.756,-137.695,222.168,185.059,-127.441,1260.666
1686621882.760,-83.008,219.727,203.613,-87.402,1260.670
1686621882.764,-40.527,473.145,189.453,-51.270,1260.674
1686621882.767,-88.379,178.711,104.492,-85.938,1260.678
1686621882.771,-149.414,-562.012,31.250,-138.672,1260.682
1686621882.775,-114.258,173.828,219.727,-113.770,1260.685
1686621882.779,-50.293,800.781,216.309,-56.152,1260.689
1686621882.783,-75.684,198.730,38.574,-75.684,1260.693
1686621882.786,-154.785,-709.961,-19.043,-132.324,1260.695
1686621882.790,-139.160,77.148,247.070,-118.652,1260.699
1686621882.794,-71.289,834.473,224.609,-52.734,1260.703
1686621882.798,-72.754,517.578,107.910,-58.594,1260.707
1686621882.802,-139.160,551.270,121.094,-128.418,1260.711
1686621882.806,-157.715,399.902,96.680,-130.859,1260.715
1686621882.810,-95.703,375.000,147.461,-72.266,1260.719
1686621882.813,-66.406,96.191,-10.742,-51.758,1260.723
1686621882.817,-112.305,175.781,119.141,-105.469,1260.727
1686621882.821,-145.996,754.883,245.605,-141.602,1260.730
1686621882.825,-100.098,699.707,133.789,-89.844,1260.734
1686621882.829,-61.035,320.312,81.055,-53.711,1260.738
1686621882.831,-96.680,588.867,141.113,-85.938,1260.740
1686621882.835,-147.949,571.289,135.254,-129.395,1260.744
1686621882.839,-117.676,278.809,141.113,-113.770,1260.748
1686621882.843,-49.805,353.027,193.848,-52.246,1260.752
1686621882.847,-64.941,686.035,173.340,-72.754,1260.756
1686621882.851,-119.141,505.859,119.629,-124.023,1260.760
1686621882.855,-116.699,151.855,115.723,-103.027,1260.763
1686621882.858,-62.500,-392.090,58.594,-38.086,1260.767
1686621882.862,-54.688,266.602,250.000,-32.715,1260.771
1686621882.866,-111.816,977.051,169.922,-99.121,1260.775
1686621882.870,-131.348,453.613,42.480,-120.605,1260.779
1686621882.874,-80.078,493.652,221.680,-68.848,1260.783
1686621882.877,-42.480,988.770,238.770,-53.223,1260.786
1686621882.881,-83.984,953.125,123.047,-102.539,1260.790
1686621882.885,-132.812,589.844,-6.836,-124.023,1260.794
1686621882.889,-95.703,614.258,126.465,-82.031,1260.798
1686621882.893,-43.457,833.984,238.770,-32.227,1260.801
1686621882.897,-75.195,769.043,109.863,-47.852,1260.805
1686621882.901,-134.277,-68.848,-56.152,-96.191,1260.809
1686621882.904,-107.910,-334.961,162.598,-80.566,1260.813
1686621882.908,-37.598,828.613,331.543,-34.180,1260.817
1686621882.912,-50.781,969.727,90.820,-47.363,1260.821
1686621882.916,-121.582,493.164,76.172,-108.887,1260.825
1686621882.920,-123.535,780.762,217.773,-122.070,1260.829
1686621882.920,-55.176,-970.215,217.773,-53.223,1260.831
1686621882.924,-51.270,896.484,139.648,-41.016,1260.835
1686621882.928,-116.211,749.512,112.305,-104.980,1260.839
1686621882.932,-123.047,849.121,192.871,-107.910,1260.843
1686621882.936,-44.922,-982.422,222.168,-32.227,1260.847
1686621882.940,-20.020,707.520,117.188,-14.648,1260.851
1686621882.944,-84.961,-51.270,53.223,-78.613,1260.855
1686621882.947,-128.906,205.078,201.660,-124.023,1260.858
1686621882.951,-82.031,806.641,251.465,-91.309,1260.862
1686621882.955,-33.691,751.465,170.410,-33.691,1260.866
1686621882.959,-70.312,138.184,69.336,-46.875,1260.870
1686621882.963,-124.023,687.012,211.426,-107.910,1260.874
1686621883.025,-90.332,-927.246,230.469,-84.961,1260.922
1686621883.029,-21.973,844.727,126.953,-18.066,1260.926
1686621883.033,-35.645,911.133,154.297,-39.551,1260.929
1686621883.037,-98.145,982.422,178.223,-106.934,1260.933
1686621883.041,-105.469,955.078,171.387,-111.328,1260.937
1686621883.045,-55.664,739.258,124.023,-48.828,1260.941
1686621883.049,-42.969,816.406,180.664,-28.320,1260.945
1686621883.052,-87.402,-984.375,212.891,-74.219,1260.949
1686621883.056,-111.328,937.988,153.320,-97.656,1260.953
1686621883.060,-62.988,369.141,55.176,-49.316,1260.957
1686621883.064,-22.949,596.680,236.328,-10.742,1260.961
1686621883.068,-60.059,-924.805,258.301,-59.082,1260.965
1686621883.028,-114.746,875.000,119.629,-111.328,1260.929
1686621883.032,-79.590,795.410,179.688,-65.430,1260.933
1686621883.036,-7.324,943.848,240.723,-4.395,1260.937
1686621883.040,-31.250,-992.188,193.848,-32.715,1260.941
1686621883.044,-95.215,863.281,66.406,-91.797,1260.945
1686621883.048,-78.613,645.020,94.238,-70.312,1260.948
1686621883.052,-17.090,830.566,239.258,-8.789,1260.952
1686621883.055,-20.508,-979.004,219.238,-17.578,1260.956
1686621883.059,-87.891,794.922,90.332,-83.496,1260.960
1686621883.063,-99.609,609.375,167.480,-93.262,1260.964
1686621883.067,-30.762,927.246,250.000,-28.809,1260.968
1686621883.071,-9.766,995.117,168.457,-8.789,1260.972
1686621883.071,-56.641,850.586,112.793,-60.547,1260.968
1686621883.075,-89.844,868.164,178.223,-91.797,1260.972
1686621883.079,-53.711,987.793,263.184,-47.852,1260.976
1686621883.083,-2.930,977.051,196.289,-2.441,1260.980
1686621883.087,-45.898,752.930,41.504,-36.621,1260.984
1686621883.091,-106.445,726.562,124.512,-83.008,1260.988
1686621883.095,-68.848,901.855,260.254,-58.105,1260.992
1686621883.098,-3.418,-973.145,224.609,-7.324,1260.996
1686621883.102,-27.832,468.750,-67.383,-19.531,1261.000
1686621883.106,-94.238,-272.949,-41.992,-70.801,1261.003
1686621883.110,-72.754,518.555,321.289,-62.012,1261.007
1686621883.114,-6.348,-937.988,241.211,-12.207,1261.011
1686621883.116,-8.301,930.176,155.762,-13.184,1261.025
1686621883.120,-77.148,953.613,183.594,-72.266,1261.029
1686621883.124,-97.168,965.332,203.125,-89.844,1261.033
1686621883.128,-33.203,936.035,185.059,-31.738,1261.037
1686621883.132,-2.930,892.090,147.461,5.859,1261.041
1686621883.136,-53.223,935.547,189.453,-37.598,1261.045
1686621883.140,-95.703,983.398,225.586,-84.473,1261.049
1686621883.143,-49.316,902.344,173.828,-46.387,1261.053
1686621883.147,-8.789,439.941,66.406,3.418,1261.057
1686621883.151,-47.363,759.766,259.766,-28.809,1261.060
1686621883.155,-99.121,-956.543,243.164,-73.730,1261.064
1686621883.159,-75.684,935.547,150.391,-58.594,1261.068
1686621883.161,-14.648,972.656,208.984,-12.207,1261.059
1686621883.165,-25.879,974.609,213.379,-23.438,1261.062
1686621883.169,-84.473,969.727,154.297,-83.496,1261.066
1686621883.173,-89.355,949.219,134.277,-83.008,1261.070
1686621883.177,-25.879,958.984,213.867,-14.160,1261.074
1686621883.181,-9.277,964.355,210.449,-1.465,1261.078
1686621883.185,-70.312,-997.559,152.344,-68.359,1261.082
1686621883.188,-98.145,589.355,32.715,-83.496,1261.086
1686621883.192,-41.016,550.781,229.004,-23.926,1261.090
1686621883.196,-2.441,-989.746,312.012,9.277,1261.094
1686621883.200,-63.965,950.684,107.910,-43.457,1261.098
1686621883.204,-116.211,896.973,124.512,-90.332,1261.102
1686621883.205,-69.824,969.727,244.629,-50.781,1261.102
1686621883.209,-16.113,977.051,211.914,-2.441,1261.105
1686621883.213,-41.016,966.309,134.766,-30.273,1261.109
1686621883.217,-97.656,976.074,188.965,-80.566,1261.113
1686621883.221,-83.496,948.242,222.656,-62.500,1261.117
1686621883.225,-18.066,991.699,229.004,0.977,1261.121
1686621883.229,-23.926,959.473,146.484,-2.930,1261.125
1686621883.232,-97.168,279.785,5.859,-64.941,1261.129
1686621883.236,-104.492,472.168,299.805,-76.172,1261.133
1686621883.240,-30.762,-953.613,328.125,-21.973,1261.137
1686621883.244,-10.742,933.594,131.836,-4.883,1261.141
1686621883.248,-68.848,944.824,163.574,-62.012,1261.144
1686621883.251,-100.098,977.539,232.910,-94.238,1261.161
1686621883.255,-45.898,970.703,231.934,-39.062,1261.165
1686621883.259,-0.488,972.656,170.410,-1.465,1261.169
1686621883.263,-38.574,965.820,167.969,-49.316,1261.172
1686621883.267,-87.891,973.145,208.496,-85.938,1261.176
1686621883.271,-57.129,975.098,190.918,-46.387,1261.180
1686621883.275,-11.230,814.941,89.844,-1.465,1261.184
1686621883.278,-39.062,877.441,232.422,-32.227,1261.188
1686621883.282,-93.750,-995.117,275.391,-86.426,1261.192
1686621883.286,-82.031,947.754,185.059,-69.824,1261.196
1686621883.290,-16.602,934.082,226.562,-3.418,1261.200
1686621883.294,-15.137,970.215,245.117,-8.301,1261.204
1686621883.295,-82.031,975.586,187.500,-68.359,1261.206
1686621883.299,-94.727,965.820,166.504,-64.941,1261.210
1686621883.303,-31.738,970.215,236.816,-9.766,1261.213
1686621883.307,-2.930,950.684,234.375,7.812,1261.217
1686621883.311,-61.035,-993.164,180.664,-48.340,1261.221
1686621883.315,-101.074,911.133,119.141,-85.449,1261.225
1686621883.319,-55.664,588.867,95.703,-31.738,1261.229
1686621883.322,-5.371,858.398,274.414,4.395,1261.233
1686621883.326,-43.457,-960.938,245.117,-36.621,1261.237
1686621883.330,-103.516,885.742,90.332,-82.031,1261.241
1686621883.334,-70.312,870.605,203.125,-49.805,1261.245
1686621883.338,-6.836,977.051,280.273,-2.930,1261.249
1686621883.355,-35.156,981.445,168.457,-24.414,1261.253
1686621883.359,-105.957,929.199,91.309,-84.473,1261.257
1686621883.363,-90.332,924.805,221.191,-94.238,1261.261
1686621883.367,-25.391,985.840,310.547,-33.691,1261.265
1686621883.371,-21.973,964.355,193.848,-16.113,1261.269
1686621883.375,-85.938,898.438,54.688,-69.824,1261.272
1686621883.379,-108.398,936.523,169.434,-89.355,1261.276
1686621883.382,-40.039,995.117,302.734,-35.645,1261.280
1686621883.386,-2.441,959.961,169.434,-17.578,1261.284
1686621883.390,-62.988,737.305,-18.555,-59.082,1261.288
1686621883.394,-101.074,868.652,179.688,-88.867,1261.292
1686621883.398,-38.574,-991.211,304.688,-52.246,1261.296
1686621883.400,13.672,955.078,184.570,-12.207,1261.296
1686621883.404,-33.203,978.027,157.227,-44.434,1261.300
1686621883.408,-90.332,958.008,195.801,-91.309,1261.304
1686621883.412,-57.129,989.258,263.184,-61.035,1261.308
1686621883.416,2.441,943.359,180.176,1.953,1261.312
1686621883.420,-21.973,754.883,40.527,-17.578,1261.316
1686621883.424,-91.797,898.926,189.453,-84.473,1261.320
1686621883.427,-89.844,-979.980,293.945,-82.520,1261.324
1686621883.431,-27.344,919.434,166.504,-22.949,1261.328
1686621883.435,-20.508,788.086,78.125,-10.742,1261.331
1686621883.439,-75.684,936.035,241.211,-61.035,1261.335
1686621883.443,-103.516,992.188,228.516,-94.727,1261.339
1686621883.446,-47.852,959.961,204.590,-44.434,1261.343
1686621883.450,-2.441,974.609,248.535,-1.465,1261.347
1686621883.454,-53.711,971.680,208.496,-40.527,1261.351
1686621883.458,-101.074,971.680,190.918,-90.820,1261.355
1686621883.462,-51.270,973.145,208.008,-52.734,1261.359
1686621883.466,-2.930,966.309,217.285,-3.906,1261.363
1686621883.470,-41.016,975.098,214.355,-35.645,1261.367
1686621883.473,-96.680,979.492,187.988,-89.844,1261.371
1686621883.477,-82.520,788.086,88.867,-63.965,1261.374
1686621883.481,-20.508,847.168,277.832,3.906,1261.378
1686621883.485,-19.531,-1000.000,310.547,-5.371,1261.382
1686621883.489,-89.355,962.402,142.090,-77.637,1261.386
1686621883.490,-99.121,972.168,188.477,-96.191,1261.387
1686621883.494,-34.668,971.680,269.043,-35.645,1261.390
1686621883.498,-17.090,971.680,194.336,-17.090,1261.394
1686621883.502,-79.102,971.680,154.297,-68.359,1261.398
1686621883.506,-110.352,975.586,236.816,-97.656,1261.402
1686621883.510,-44.922,956.055,254.395,-45.410,1261.406
1686621883.514,-0.488,990.723,249.023,-0.488,1261.410
1686621883.517,-49.805,950.684,138.184,-46.875,1261.414
1686621883.521,-101.074,591.309,41.016,-90.332,1261.418
1686621883.525,-62.012,758.789,312.988,-66.406,1261.422
1686621883.529,2.441,-981.445,317.871,-19.531,1261.426
1686621883.533,-21.484,954.590,116.211,-34.668,1261.430
1686621883.536,-84.473,971.680,176.758,-83.496,1261.434
1686621883.540,-62.500,972.168,266.602,-59.082,1261.438
1686621883.544,-0.488,972.168,232.910,-3.418,1261.442
1686621883.548,-5.371,972.168,142.090,-0.977,1261.445
1686621883.552,-67.871,970.703,156.738,-59.570,1261.449
1686621883.556,-81.055,973.145,217.773,-75.684,1261.453
1686621883.560,-17.090,971.191,222.656,-14.160,1261.457
1686621883.563,0.977,949.219,77.637,9.277,1261.461
1686621883.567,-59.082,958.496,198.242,-49.805,1261.465
1686621883.571,-91.309,978.027,279.297,-86.914,1261.469
1686621883.575,-33.203,965.820,185.547,-41.504,1261.473
1686621883.579,13.184,947.754,137.695,10.254,1261.477
1686621883.581,-24.902,967.773,173.828,-31.250,1261.480
1686621883.585,-74.219,974.121,210.938,-84.961,1261.484
1686621883.589,-44.434,970.215,225.586,-57.129,1261.488
1686621883.593,18.555,972.656,303.223,3.418,1261.491
1686621883.597,-4.883,969.727,190.918,-11.230,1261.495
1686621883.601,-69.824,975.098,177.734,-66.895,1261.499
1686621883.605,-59.570,965.820,198.730,-54.199,1261.503
1686621883.608,1.953,935.547,100.098,2.930,1261.507
1686621883.612,9.766,959.473,293.457,6.348,1261.511
1686621883.616,-51.758,975.586,241.211,-55.664,1261.515
1686621883.620,-74.219,969.727,132.812,-83.008,1261.519
1686621883.624,-16.602,972.168,245.605,-24.414,1261.523
1686621883.628,12.207,971.680,237.305,15.625,1261.528
1686621883.632,-35.645,971.680,140.625,-33.203,1261.532
1686621883.636,-83.496,972.168,169.922,-76.172,1261.535
1686621883.640,-36.133,970.215,270.996,-33.691,1261.539
1686621883.644,20.508,972.168,237.305,15.137,1261.543
1686621883.648,-18.066,975.586,97.656,-22.461,1261.547
1686621883.652,-85.449,898.438,8.301,-73.730,1261.551
1686621883.655,-63.965,907.715,207.520,-41.016,1261.555
1686621883.659,11.230,979.980,325.195,9.766,1261.559
1686621883.663,-10.742,970.215,157.715,-15.137,1261.563
1686621883.667,-84.473,970.703,118.652,-85.938,1261.567
1686621883.671,-76.660,971.680,234.375,-83.496,1261.571
1686621883.670,3.418,972.168,276.367,-4.395,1261.581
1686621883.674,19.531,971.680,168.457,18.066,1261.585
1686621883.678,-54.688,971.680,120.605,-41.504,1261.589
1686621883.682,-78.613,971.191,220.703,-67.871,1261.593
1686621883.686,-12.695,971.191,272.461,-13.672,1261.597
1686621883.690,21.973,975.098,202.148,26.367,1261.601
1686621883.694,-36.621,934.082,-7.812,-17.090,1261.605
1686621883.697,-85.449,925.781,159.180,-61.035,1261.609
1686621883.701,-36.621,973.633,314.941,-31.250,1261.612
1686621883.705,20.996,972.656,177.246,19.043,1261.616
1686621883.709,-14.160,970.215,197.266,-5.859,1261.620
1686621883.713,-78.125,971.680,230.469,-68.848,1261.624
1686621883.731,-56.641,971.191,232.422,-47.852,1261.629
1686621883.735,7.812,971.680,208.984,14.160,1261.633
1686621883.739,-3.418,971.680,213.379,-0.977,1261.637
1686621883.743,-71.777,971.680,212.402,-59.570,1261.640
1686621883.747,-70.801,971.680,205.078,-55.664,1261.644
1686621883.751,-4.395,971.680,152.344,7.324,1261.648
1686621883.755,10.742,971.191,179.199,19.531,1261.652
1686621883.758,-46.875,972.656,248.047,-41.504,1261.656
1686621883.762,-77.637,970.215,208.984,-66.406,1261.660
1686621883.766,-29.297,959.473,72.266,-8.301,1261.664
1686621883.770,13.672,966.797,257.812,21.973,1261.668
1686621883.774,-18.066,973.145,283.691,-23.926,1261.672
1686621883.775,-70.801,971.191,153.809,-76.172,1261.671
1686621883.779,-45.898,971.680,202.148,-52.734,1261.675
1686621883.783,16.113,971.680,249.512,3.418,1261.679
1686621883.787,-6.836,971.680,200.195,-32.227,1261.683
1686621883.791,-73.242,971.680,150.391,-93.262,1261.687
1686621883.795,-54.199,972.656,213.867,-70.801,1261.691
1686621883.799,7.324,968.750,244.141,-10.254,1261.695
1686621883.802,0.977,977.539,233.398,-4.883,1261.699
1686621883.806,-62.012,958.984,139.160,-49.316,1261.703
1686621883.810,-83.008,925.293,48.340,-54.688,1261.707
1686621883.814,-15.625,963.379,342.773,-2.441,1261.710
1686621883.818,24.414,976.074,286.133,21.973,1261.714
1686621883.821,-34.180,969.238,9.277,-26.855,1261.719
1686621883.825,-71.289,972.168,167.480,-57.129,1261.722
1686621883.829,-4.395,971.680,280.762,6.836,1261.726
1686621883.833,39.551,971.680,219.238,42.480,1261.730
1686621883.837,-9.766,971.680,19.043,-14.160,1261.734
1686621883.841,-58.594,971.680,33.203,-67.871,1261.738
1686621883.845,-21.973,972.168,300.781,-41.016,1261.742
1686621883.848,39.062,971.680,234.375,13.672,1261.746
1686621883.852,5.859,967.285,-20.020,-10.742,1261.750
1686621883.856,-61.523,968.262,166.504,-66.895,1261.754
1686621883.860,-35.156,972.656,292.480,-44.434,1261.758
1686621883.864,24.414,971.680,145.508,13.184,1261.761
1686621883.865,19.043,971.191,105.957,19.043,1261.761
1686621883.869,-44.434,971.680,223.633,-35.645,1261.765
1686621883.873,-67.871,971.680,230.469,-63.477,1261.769
1686621883.877,-12.695,971.680,200.684,-15.625,1261.773
1686621883.881,12.695,971.680,250.977,14.648,1261.777
1686621883.885,-38.086,971.680,171.875,-42.969,1261.781
1686621883.889,-79.102,972.168,198.730,-88.379,1261.785
1686621883.892,-36.133,970.703,204.590,-34.180,1261.789
1686621883.896,9.277,966.797,77.148,23.438,1261.793
1686621883.900,-28.809,970.703,262.207,-15.137,1261.796
1686621883.904,-71.777,972.168,269.043,-63.477,1261.800
1686621883.908,-31.250,971.680,154.785,-26.367,1261.804
1686621883.911,26.855,971.680,234.863,35.156,1261.811
1686621883.915,8.301,971.680,222.656,8.789,1261.814
1686621883.919,-62.500,971.680,48.828,-58.594,1261.818
1686621883.923,-68.359,971.680,41.504,-51.270,1261.822
1686621883.927,-5.859,971.680,207.031,6.836,1261.826
1686621883.931,8.789,972.656,213.867,17.090,1261.830
1686621883.935,-54.688,971.191,169.434,-45.410,1261.834
1686621883.938,-71.289,962.402,104.004,-64.941,1261.838
1686621883.942,-9.766,967.285,242.188,-14.648,1261.842
1686621883.946,31.250,973.145,305.176,18.555,1261.846
1686621883.950,-17.578,971.191,115.723,-14.648,1261.850
1686621883.954,-68.848,971.680,115.723,-61.035,1261.853
1686621883.955,-26.367,971.680,244.141,-26.367,1261.851
1686621883.959,24.902,971.680,245.117,20.508,1261.855
1686621883.963,-3.418,971.680,110.840,-15.625,1261.859
1686621883.967,-56.152,972.168,81.543,-72.754,1261.863
1686621883.971,-32.715,970.703,229.492,-47.852,1261.867
1686621883.975,26.367,973.145,262.695,15.625,1261.871
1686621883.979,12.207,968.262,167.969,18.066,1261.875
1686621883.982,-62.500,947.754,-12.207,-32.227,1261.879
1686621883.986,-60.547,960.938,230.469,-44.922,1261.883
1686621883.990,16.602,974.121,341.309,5.371,1261.887
1686621883.994,30.273,970.703,131.836,22.949,1261.890
1686621883.998,-39.062,971.680,163.086,-42.969,1261.894
1686621884.001,-67.871,972.168,175.781,-75.684,1261.911
1686621884.005,-17.578,971.680,202.637,-16.113,1261.915
1686621884.009,20.996,971.680,197.754,20.508,1261.919
1686621884.013,-23.438,971.680,181.641,-35.645,1261.923
1686621884.017,-75.195,971.680,205.078,-77.148,1261.927
1686621884.021,-35.645,971.680,200.195,-33.203,1261.931
1686621884.025,20.508,968.750,79.590,14.160,1261.934
1686621884.028,-4.883,970.215,185.547,-20.020,1261.938
1686621884.032,-63.477,972.168,285.645,-83.984,1261.942
1686621884.036,-50.781,971.680,200.195,-64.941,1261.946
1686621884.040,13.184,971.680,142.578,3.418,1261.950
1686621884.044,13.672,972.168,217.285,13.672,1261.954
1686621884.045,-51.270,971.680,223.145,-48.828,1261.956
1686621884.049,-71.289,971.680,183.105,-67.383,1261.960
1686621884.053,-9.766,971.680,250.977,1.953,1261.964
1686621884.057,10.742,971.191,242.676,23.926,1261.967
1686621884.061,-55.664,972.168,134.766,-38.086,1261.971
1686621884.065,-87.891,970.215,40.039,-67.871,1261.975
1686621884.069,-39.551,967.773,85.938,-9.766,1261.979
1686621884.072,11.230,970.703,265.137,25.879,1261.983
1686621884.076,-22.461,974.609,256.348,-20.508,1261.987
1686621884.080,-80.078,964.355,62.500,-62.012,1261.991
1686621884.084,-50.293,957.520,68.848,-23.926,1261.995
1686621884.088,15.625,972.168,286.621,16.113,1261.999
1686621884.106,-1.465,972.168,210.938,-6.836,1262.015
1686621884.110,-60.059,971.191,33.203,-54.199,1262.019
1686621884.114,-45.410,971.680,187.012,-44.434,1262.023
1686621884.118,15.137,971.680,306.641,16.113,1262.027
1686621884.122,14.160,971.680,184.082,20.508,1262.031
1686621884.126,-49.316,972.168,-36.621,-36.133,1262.035
1686621884.130,-62.988,970.703,139.648,-51.758,1262.039
1686621884.133,0.000,973.633,325.684,10.254,1262.043
1686621884.137,30.762,968.262,179.199,38.574,1262.047
1686621884.141,-28.320,958.984,-15.137,-13.184,1262.050
1686621884.145,-68.359,970.215,166.016,-54.688,1262.054
1686621884.149,-18.555,974.121,270.996,-18.066,1262.058
1686621884.150,18.066,968.750,133.301,32.227,1262.046
1686621884.154,-27.832,965.332,113.281,-2.441,1262.050
1686621884.158,-81.055,971.191,230.957,-62.988,1262.054
1686621884.162,-44.922,972.168,258.789,-28.320,1262.058
1686621884.166,22.949,971.680,157.715,26.855,1262.062
1686621884.170,11.230,972.168,109.375,6.348,1262.066
1686621884.174,-53.711,971.191,162.598,-52.246,1262.070
1686621884.177,-41.504,972.656,251.953,-41.504,1262.074
1686621884.181,23.926,969.727,169.922,28.320,1262.077
1686621884.185,23.926,960.938,14.160,41.016,1262.081
1686621884.189,-35.156,967.773,225.098,-21.973,1262.085
1686621884.193,-54.199,972.656,267.578,-55.176,1262.089
1686621884.211,-2.441,971.191,160.156,-7.812,1262.108
1686621884.215,29.785,971.680,210.449,30.762,1262.112
1686621884.219,-20.996,971.680,164.551,-14.648,1262.116
1686621884.223,-65.918,971.680,62.012,-55.664,1262.120
1686621884.227,-18.066,972.168,96.680,-8.301,1262.124
1686621884.231,30.762,971.191,194.824,37.109,1262.128
1686621884.235,2.441,972.656,226.562,1.465,1262.132
1686621884.238,-55.664,970.215,191.406,-48.828,1262.136
1686621884.242,-46.875,963.867,50.781,-26.855,1262.139
1686621884.246,21.484,969.727,209.473,22.949,1262.143
1686621884.250,23.438,972.656,293.457,13.184,1262.147
1686621884.254,-44.434,971.191,83.496,-48.340,1262.151
1686621884.240,-51.758,971.680,109.863,-61.523,1262.137
1686621884.244,8.301,971.680,271.973,-6.348,1262.141
1686621884.248,17.578,971.680,235.840,6.836,1262.144
1686621884.252,-24.902,971.680,91.309,-28.809,1262.148
1686621884.256,-58.105,971.680,23.438,-48.828,1262.152
1686621884.260,-20.020,971.680,155.273,-19.531,1262.156
1686621884.264,21.973,972.656,232.422,11.719,1262.160
1686621884.267,-21.973,969.238,137.207,-35.156,1262.164
1686621884.271,-71.289,969.727,144.531,-83.008,1262.168
1686621884.275,-39.551,968.262,257.812,-48.340,1262.172
1686621884.279,7.812,978.516,250.977,5.371,1262.176
1686621884.283,-29.785,960.449,-13.672,-17.090,1262.180
