timestamps,TP9,AF7,AF8,TP10,Secondary Timestamp
1686714886.887,-6.836,104.004,15.137,13.184,966.783
1686714886.891,40.527,104.492,90.820,71.777,966.787
1686714886.895,1.465,258.789,109.863,-22.949,966.791
1686714886.899,-52.734,219.238,35.645,-96.680,966.795
1686714886.903,-30.273,-56.641,-20.508,-13.672,966.799
1686714886.907,27.344,-256.348,31.250,81.543,966.803
1686714886.910,18.555,-243.652,34.668,19.531,966.806
1686714886.914,-35.156,-256.348,34.668,-86.426,966.810
1686714886.918,-33.203,-506.836,-29.297,-47.852,966.814
1686714886.922,18.066,-842.285,-64.941,72.754,966.818
1686714886.926,45.898,-204.102,157.227,60.547,966.822
1686714886.930,-0.488,-62.012,71.289,-54.199,966.826
1686714886.932,-45.410,-583.008,-75.195,-76.172,966.828
1686714886.936,3.418,-247.559,130.859,33.203,966.832
1686714886.940,52.246,366.699,172.363,83.984,966.836
1686714886.944,-0.977,206.543,20.020,-33.691,966.840
1686714886.948,-44.434,-146.484,11.719,-95.215,966.844
1686714886.952,-0.488,-212.402,53.223,7.324,966.847
1686714886.955,44.434,17.090,124.023,75.195,966.851
1686714886.959,10.742,21.973,-7.324,-10.742,966.855
1686714886.963,-52.734,-802.246,-211.426,-85.449,966.859
1686714886.967,-31.250,-557.617,187.500,-15.137,966.863
1686714886.971,34.668,367.676,243.164,89.355,966.867
1686714886.975,19.531,248.047,-27.344,32.227,966.871
1686714886.977,-42.969,-54.688,-19.043,-97.168,966.873
1686714886.981,-50.781,135.742,137.207,-66.895,966.877
1686714886.985,-4.883,353.516,122.070,45.898,966.881
1686714886.989,13.672,176.758,-24.902,44.434,966.885
1686714886.993,-34.668,-3.418,27.344,-72.754,966.889
1686714886.997,-63.965,-215.820,-8.789,-102.539,966.892
1686714887.000,-13.672,-175.293,77.148,-2.441,966.896
1686714887.004,23.926,-275.879,25.879,39.551,966.900
1686714887.008,-20.996,-548.340,41.016,-58.594,966.904
1686714887.012,-74.219,0.977,170.410,-126.465,966.908
1686714887.016,-50.293,155.762,74.707,-36.621,966.912
1686714887.020,4.883,-421.875,-51.758,60.547,966.916
1686714887.022,-12.207,-516.602,61.035,-7.812,966.918
1686714887.026,-66.895,88.867,166.992,-115.723,966.922
1686714887.030,-53.223,118.652,70.801,-57.617,966.925
1686714887.034,3.418,-410.156,-88.867,51.758,966.929
1686714887.038,11.719,-125.488,26.855,9.766,966.933
1686714887.042,-26.855,-31.738,67.383,-97.656,966.937
1686714887.045,-46.387,-361.816,24.414,-85.938,966.941
1686714887.049,-10.254,-718.262,-57.129,31.250,966.945
1686714887.053,6.836,-240.234,133.301,27.832,966.949
1686714887.057,-30.762,325.684,155.762,-84.961,966.953
1686714887.061,-62.988,42.969,27.832,-105.469,966.957
1686714887.065,-31.250,0.488,121.582,1.465,966.961
1686714887.068,13.184,286.133,143.555,58.594,966.967
1686714887.072,-21.484,159.180,14.648,-37.109,966.971
1686714887.076,-81.543,-344.727,-74.219,-117.676,966.974
1686714887.080,-62.988,-371.094,94.727,-44.922,966.978
1686714887.084,-6.348,141.113,174.316,49.316,966.982
1686714887.088,-20.996,20.508,5.859,-8.789,966.986
1686714887.091,-81.055,-524.902,-102.051,-108.887,966.990
1686714887.095,-81.543,-605.957,72.266,-73.242,966.994
1686714887.099,-22.461,168.945,246.582,33.203,966.998
1686714887.103,-9.277,387.695,81.055,20.020,967.002
1686714887.107,-63.965,-270.996,-114.746,-100.586,967.006
1686714887.111,-86.426,-461.426,29.785,-102.051,967.010
1686714887.112,-34.668,131.836,217.773,18.555,967.021
1686714887.116,-0.488,284.180,73.730,40.527,967.025
1686714887.120,-43.457,-481.445,-220.215,-63.477,967.029
1686714887.124,-83.984,-456.055,39.062,-113.281,967.033
1686714887.128,-48.340,-55.664,179.199,-25.879,967.037
1686714887.132,0.977,-172.852,57.129,40.039,967.041
1686714887.135,-25.879,-782.227,-131.348,-34.180,967.045
1686714887.139,-82.520,-713.379,62.012,-121.582,967.048
1686714887.143,-58.105,106.934,239.746,-57.617,967.052
1686714887.147,1.953,269.531,102.539,56.641,967.056
1686714887.151,-5.859,68.848,50.293,11.230,967.060
1686714887.155,-64.453,41.016,93.750,-103.027,967.064
1686714887.157,-65.918,185.059,108.887,-74.707,967.067
1686714887.161,-9.766,89.844,76.660,39.062,967.071
1686714887.165,2.441,45.410,112.305,19.043,967.074
1686714887.169,-42.969,125.000,95.703,-98.633,967.078
1686714887.173,-71.289,156.250,112.305,-111.816,967.082
1686714887.177,-29.297,-206.543,22.461,-7.324,967.086
1686714887.180,8.789,-625.977,41.016,31.738,967.090
1686714887.184,-12.695,-258.789,156.250,-58.594,967.094
1686714887.188,-47.852,104.492,124.512,-115.234,967.098
1686714887.192,-53.223,-237.793,7.812,-45.410,967.102
1686714887.196,-16.113,-510.254,91.797,29.785,967.106
1686714887.200,-26.855,-202.637,165.039,-35.645,967.110
1686714887.217,-81.055,41.992,86.914,-129.395,967.113
1686714887.221,-66.406,-470.215,-74.707,-55.664,967.117
1686714887.225,-7.324,-316.895,115.723,55.664,967.121
1686714887.229,-4.395,303.711,185.547,18.066,967.125
1686714887.233,-67.871,37.109,13.672,-90.820,967.129
1686714887.237,-75.684,-504.395,5.371,-58.105,967.132
1686714887.240,-14.648,-236.328,167.969,62.988,967.136
1686714887.244,7.812,349.609,199.707,56.641,967.140
1686714887.248,-34.180,68.359,-41.504,-48.340,967.144
1686714887.252,-63.965,-788.086,-198.730,-55.664,967.148
1686714887.256,-22.949,-296.875,164.062,43.945,967.152
1686714887.260,23.926,379.395,222.656,83.984,967.156
1686714887.262,-8.301,41.016,2.930,-18.555,967.158
1686714887.266,-58.594,-262.695,20.508,-82.520,967.162
1686714887.270,-21.484,50.293,149.414,15.625,967.166
1686714887.274,38.574,344.238,128.906,94.727,967.170
1686714887.278,19.531,1.953,-45.410,23.926,967.174
1686714887.282,-35.645,-540.527,-51.270,-62.500,967.177
1686714887.285,-30.762,-353.516,159.668,-10.254,967.181
1686714887.289,26.367,241.211,202.637,93.262,967.185
1686714887.293,23.438,-178.223,-45.410,54.199,967.189
1686714887.297,-45.410,-605.957,35.156,-62.988,967.193
1686714887.301,-54.688,-91.309,207.520,-55.176,967.197
1686714887.305,-6.836,-92.773,91.309,62.988,967.201
1686714887.308,9.277,-614.258,-87.402,80.078,967.206
1686714887.312,-35.156,-667.969,35.645,-33.691,967.210
1686714887.316,-63.477,33.691,218.750,-74.219,967.214
1686714887.320,-26.855,173.340,119.629,16.113,967.218
1686714887.324,6.348,-80.078,63.965,57.129,967.222
1686714887.328,-26.855,-302.734,20.020,-41.016,967.226
1686714887.331,-74.219,-223.145,118.652,-116.211,967.230
1686714887.335,-43.457,-4.883,122.559,-38.574,967.233
1686714887.339,7.812,-668.457,-121.582,56.641,967.237
1686714887.343,-7.324,-357.910,110.840,-10.742,967.241
1686714887.347,-57.617,177.246,154.297,-121.094,967.245
1686714887.351,-57.617,-38.086,57.617,-74.219,967.249
1686714887.353,-3.906,-8.301,165.039,39.062,967.251
1686714887.357,3.906,213.867,111.328,14.160,967.255
1686714887.361,-46.875,-71.289,-27.832,-88.867,967.259
1686714887.365,-63.965,-351.074,37.109,-72.754,967.263
1686714887.369,-9.277,-68.359,179.199,32.715,967.267
1686714887.373,21.484,-109.375,68.359,57.617,967.270
1686714887.376,-24.902,-280.273,62.012,-48.828,967.274
1686714887.380,-64.941,-504.883,25.879,-94.727,967.278
1686714887.384,-37.598,-911.133,-16.602,5.371,967.282
1686714887.388,10.254,-132.324,227.051,60.059,967.286
1686714887.392,-14.160,234.375,88.867,-24.902,967.290
1686714887.396,-76.172,-593.262,-174.805,-105.957,967.294
1686714887.397,-59.570,-388.184,130.371,-33.691,967.293
1686714887.401,1.465,369.141,246.094,58.105,967.297
1686714887.405,-3.418,244.141,24.414,0.488,967.301
1686714887.409,-64.941,-227.051,-37.109,-103.516,967.305
1686714887.413,-71.289,-90.332,107.910,-78.613,967.309
1686714887.417,-12.695,16.602,146.973,36.133,967.313
1686714887.420,9.277,-212.891,42.969,39.551,967.316
1686714887.424,-43.945,-842.773,-147.949,-70.312,967.320
1686714887.428,-77.148,-678.223,119.141,-100.586,967.324
1686714887.432,-35.156,167.969,243.164,-1.953,967.328
1686714887.436,-0.488,196.777,53.223,27.832,967.332
1686714887.440,-30.273,-34.180,34.180,-80.078,967.336
1686714887.442,-71.289,83.984,128.906,-134.766,967.338
1686714887.446,-45.898,236.328,115.723,-36.621,967.342
1686714887.450,4.395,47.852,15.137,49.316,967.346
1686714887.454,-11.230,-47.363,107.910,-27.344,967.350
1686714887.458,-62.988,40.039,85.938,-119.629,967.354
1686714887.462,-46.387,-144.531,3.906,-53.711,967.358
1686714887.465,2.930,-378.418,36.133,47.363,967.362
1686714887.469,-3.418,-695.312,62.500,5.371,967.365
1686714887.473,-46.387,-308.105,208.496,-101.562,967.369
1686714887.477,-58.105,149.414,152.832,-83.984,967.373
1686714887.481,-13.672,-237.305,-17.090,28.809,967.377
1686714887.485,2.930,-490.723,45.410,23.438,967.381
1686714887.487,-41.504,-37.109,168.457,-90.332,967.395
1686714887.491,-65.918,117.188,90.820,-105.957,967.399
1686714887.495,-29.297,-468.262,-121.094,10.742,967.403
1686714887.499,4.395,-231.934,100.586,48.828,967.407
1686714887.503,-36.133,239.258,116.211,-59.570,967.411
1686714887.507,-73.730,-250.488,-70.312,-116.699,967.415
1686714887.510,-45.898,-817.383,-79.102,-19.043,967.419
1686714887.514,-3.906,-270.020,143.066,49.805,967.423
1686714887.518,-18.555,335.938,181.641,-32.715,967.426
1686714887.522,-72.266,-26.855,-55.176,-118.164,967.430
1686714887.526,-72.266,-373.047,2.441,-69.824,967.434
1686714887.530,-21.973,51.270,198.242,22.949,967.438
1686714887.532,-17.578,367.676,110.352,-2.930,967.442
1686714887.536,-65.918,-68.848,-64.941,-107.422,967.446
1686714887.540,-78.613,-486.328,10.742,-103.027,967.450
1686714887.544,-18.555,38.574,201.172,16.113,967.454
1686714887.548,12.695,348.145,114.746,41.016,967.458
1686714887.552,-36.133,-261.719,-107.910,-69.336,967.462
1686714887.555,-69.824,-630.371,-14.648,-105.469,967.465
1686714887.559,-30.273,-11.230,211.426,-5.371,967.469
1686714887.563,13.672,302.734,125.488,53.223,967.473
1686714887.567,-13.184,-208.496,-106.445,-32.227,967.477
1686714887.571,-68.359,-473.145,39.062,-102.051,967.481
1686714887.575,-55.664,-268.066,177.734,-21.484,967.485
1686714887.592,0.977,-126.953,115.234,64.453,967.488
1686714887.596,-9.766,-570.801,-112.305,1.465,967.492
1686714887.600,-76.172,-699.707,20.508,-102.539,967.495
1686714887.604,-66.406,83.496,252.441,-71.777,967.499
1686714887.608,-2.441,258.301,101.562,44.434,967.503
1686714887.612,-1.953,-303.711,-22.949,24.414,967.507
1686714887.615,-55.664,-332.520,58.594,-89.355,967.511
1686714887.619,-71.289,190.430,168.945,-85.449,967.515
1686714887.623,-18.555,142.578,90.820,29.785,967.519
1686714887.627,12.207,-592.285,-106.445,58.594,967.523
1686714887.631,-30.273,-246.094,93.750,-67.383,967.527
1686714887.635,-70.312,198.730,141.602,-112.793,967.531
1686714887.637,-33.203,25.879,59.570,3.418,967.533
1686714887.641,9.277,41.016,139.648,58.105,967.536
1686714887.645,-25.879,101.562,72.266,-39.062,967.540
1686714887.649,-73.242,-126.465,27.344,-120.605,967.544
1686714887.653,-54.199,-345.703,68.359,-48.828,967.548
1686714887.657,-6.348,-493.164,85.449,51.270,967.552
1686714887.660,-4.883,-254.883,140.137,6.348,967.556
1686714887.664,-52.246,105.469,120.605,-95.703,967.560
1686714887.668,-68.848,-355.957,-36.621,-75.195,967.564
1686714887.672,-20.996,-527.344,86.914,29.785,967.568
1686714887.676,0.000,63.965,177.734,25.391,967.572
1686714887.680,-52.734,-148.438,13.672,-88.379,967.576
1686714887.682,-80.078,-659.668,-58.594,-101.074,967.578
1686714887.686,-25.391,-272.949,174.805,13.672,967.582
1686714887.690,7.812,390.137,210.449,45.898,967.586
1686714887.694,-28.320,247.070,13.672,-61.523,967.589
1686714887.698,-64.453,-189.941,9.766,-108.887,967.593
1686714887.702,-36.621,-259.277,86.914,-14.160,967.597
1686714887.705,9.277,-54.199,125.000,47.363,967.601
1686714887.709,-11.719,-150.391,25.391,-37.598,967.605
1686714887.713,-75.195,-843.262,-136.230,-122.070,967.609
1686714887.717,-62.012,-590.820,199.219,-59.570,967.613
1686714887.721,0.488,264.648,245.117,42.969,967.617
1686714887.725,-17.090,195.801,-6.348,-13.184,967.621
1686714887.727,-70.312,-39.551,23.438,-117.188,967.622
1686714887.731,-69.336,172.852,149.902,-83.984,967.626
1686714887.735,-18.066,344.238,125.000,30.273,967.630
1686714887.739,-4.395,80.566,0.000,24.902,967.634
1686714887.743,-55.176,-89.355,58.105,-98.145,967.638
1686714887.747,-81.055,-233.398,75.684,-109.375,967.642
1686714887.750,-39.551,-171.387,131.348,-3.906,967.646
1686714887.754,3.418,-229.492,75.195,41.992,967.650
1686714887.758,-31.738,-709.473,28.320,-48.828,967.654
1686714887.762,-83.984,-206.543,203.125,-127.930,967.658
1686714887.766,-57.129,235.840,149.414,-39.551,967.662
1686714887.770,-2.930,-393.555,-87.891,61.523,967.665
1686714887.772,-24.414,-674.805,33.691,-17.090,967.681
1686714887.776,-78.613,22.949,226.562,-124.023,967.685
1686714887.780,-69.824,183.105,115.723,-76.172,967.689
1686714887.784,-20.508,-5.371,66.895,23.438,967.693
1686714887.788,-21.484,162.109,76.660,-5.859,967.697
1686714887.792,-80.078,-75.195,-41.992,-118.652,967.701
1686714887.795,-96.191,-366.211,23.926,-112.793,967.705
1686714887.799,-51.270,-708.496,-38.086,1.465,967.708
1686714887.803,-28.809,-254.395,108.398,13.672,967.712
1686714887.807,-59.570,300.781,176.270,-97.656,967.716
1686714887.811,-95.215,-16.113,-20.996,-134.766,967.720
1686714887.815,-57.617,-207.520,20.996,-37.109,967.724
1686714887.817,-13.184,166.992,152.832,19.043,967.713
1686714887.821,-33.691,349.609,101.074,-64.941,967.717
1686714887.825,-80.078,-93.262,-66.406,-126.465,967.720
1686714887.829,-75.195,-360.840,31.250,-49.316,967.724
1686714887.833,-18.555,149.414,167.480,29.785,967.728
1686714887.837,-13.672,70.312,-2.930,-25.879,967.732
1686714887.840,-75.195,-447.754,-50.293,-125.488,967.736
1686714887.844,-70.801,-434.082,125.488,-85.938,967.740
1686714887.848,5.371,125.488,192.871,32.227,967.744
1686714887.852,9.766,364.746,85.449,13.184,967.748
1686714887.856,-48.828,-325.195,-129.883,-85.449,967.752
1686714887.860,-61.035,-630.371,63.965,-84.473,967.756
1686714887.863,-7.812,159.668,252.930,23.926,967.759
1686714887.867,21.973,291.504,69.336,53.711,967.763
1686714887.871,-19.043,-561.035,-163.574,-44.434,967.767
1686714887.875,-51.758,-514.160,120.117,-93.262,967.771
1686714887.879,-4.395,229.004,241.699,3.418,967.775
1686714887.883,47.363,-35.645,13.672,75.684,967.779
1686714887.886,7.324,-788.086,-105.957,-17.090,967.783
1686714887.890,-47.852,-408.203,131.836,-101.074,967.786
1686714887.894,-26.367,275.879,217.285,-18.555,967.790
1686714887.898,17.578,217.285,59.082,82.520,967.794
1686714887.902,2.930,-17.578,46.875,25.879,967.798
1686714887.906,-43.457,84.473,130.371,-88.867,967.802
1686714887.907,-37.598,264.160,136.719,-56.152,967.817
1686714887.911,15.625,174.805,91.797,63.965,967.821
1686714887.915,32.227,72.266,113.770,58.594,967.825
1686714887.919,-6.836,35.156,55.176,-46.387,967.829
1686714887.923,-28.320,-109.863,66.406,-54.199,967.832
1686714887.927,-0.488,-359.863,65.430,57.129,967.836
1686714887.930,13.672,-858.887,-50.293,78.125,967.840
1686714887.934,-17.090,-270.508,158.203,-39.551,967.844
1686714887.938,-51.758,138.672,145.508,-91.797,967.848
1686714887.942,-14.160,-101.562,36.133,11.230,967.852
1686714887.946,34.180,-3.418,75.684,79.590,967.856
1686714887.950,-0.977,-43.945,81.055,-9.766,967.860
1686714887.967,-50.293,3.418,96.191,-97.656,967.863
1686714887.971,-34.668,-445.312,-73.730,-18.555,967.867
1686714887.975,22.461,-266.602,104.492,92.773,967.871
1686714887.979,31.250,379.883,189.941,47.852,967.874
1686714887.983,-25.391,156.250,31.738,-60.547,967.878
1686714887.987,-53.711,-428.223,-15.625,-57.129,967.882
1686714887.990,-14.648,-384.277,109.375,47.852,967.886
1686714887.994,18.555,42.480,158.691,51.270,967.890
1686714887.998,-21.484,6.836,34.180,-64.941,967.894
1686714888.002,-65.430,-745.117,-135.254,-77.637,967.898
1686714888.006,-15.625,-388.184,166.992,27.832,967.902
1686714888.010,34.668,256.348,240.723,79.102,967.906
1686714888.042,4.883,96.191,25.879,-20.508,967.937
1686714888.046,-41.504,-78.613,41.504,-83.008,967.941
1686714888.050,-14.160,171.387,153.809,11.230,967.945
1686714888.054,32.227,398.926,135.254,89.844,967.949
1686714888.058,15.137,81.055,-11.719,19.043,967.953
1686714888.062,-34.668,-379.395,-24.902,-74.707,967.957
1686714888.065,-20.508,-189.453,171.875,-22.949,967.961
1686714888.069,37.109,345.703,194.824,80.566,967.965
1686714888.073,33.691,-112.305,-90.820,49.805,967.969
1686714888.077,-21.973,-752.441,-38.574,-56.152,967.973
1686714888.081,-23.438,-275.879,180.176,-51.758,967.977
1686714888.085,30.762,-27.344,120.117,62.012,967.980
1686714888.057,46.875,-338.867,-15.137,62.500,967.952
1686714888.061,4.395,-271.973,58.594,-57.129,967.956
1686714888.065,-28.320,202.637,170.898,-75.684,967.960
1686714888.069,7.812,306.152,93.262,36.621,967.964
1686714888.073,42.969,-340.332,-141.602,90.820,967.968
1686714888.077,11.230,-597.168,-1.953,-13.672,967.972
1686714888.080,-31.738,-196.289,178.223,-84.961,967.976
1686714888.084,-2.441,1.465,114.746,1.953,967.980
1686714888.088,52.734,-169.434,79.102,87.891,967.984
1686714888.092,46.387,103.027,132.812,28.320,967.988
1686714888.096,-3.418,295.410,119.141,-70.801,967.991
1686714888.100,-5.859,-74.707,26.855,-21.484,967.995
1686714888.102,45.898,-326.660,65.918,91.797,967.997
1686714888.106,56.641,99.609,148.926,56.641,968.001
1686714888.110,14.648,302.734,110.840,-55.664,968.005
1686714888.114,-9.277,-113.770,-23.438,-60.059,968.009
1686714888.118,31.250,-824.707,-115.234,66.895,968.013
1686714888.122,56.641,-523.438,148.926,99.121,968.017
1686714888.125,20.508,19.043,176.270,-21.973,968.021
1686714888.129,-12.207,-274.414,-23.438,-48.828,968.025
1686714888.133,15.137,-524.414,83.984,58.105,968.029
1686714888.137,68.359,217.285,215.820,102.539,968.032
1686714888.141,46.875,342.285,40.527,8.789,968.036
1686714888.145,-9.766,-397.949,-118.164,-57.129,968.040
1686714888.147,10.742,-197.266,115.234,20.508,968.042
1686714888.151,66.406,473.633,226.562,103.516,968.046
1686714888.155,56.641,286.133,6.348,52.246,968.050
1686714888.159,-2.441,-581.543,-186.523,-42.969,968.054
1686714888.163,1.953,-454.102,138.184,-13.672,968.058
1686714888.167,62.012,117.188,220.215,92.773,968.062
1686714888.170,73.730,-93.750,31.738,80.078,968.066
1686714888.174,10.254,-719.238,-127.441,-31.738,968.070
1686714888.178,-18.066,-333.496,118.164,-38.574,968.074
1686714888.182,38.574,430.664,237.305,82.031,968.078
1686714888.186,69.824,340.820,30.762,114.258,968.082
1686714888.190,26.367,51.270,-0.977,0.488,968.085
1686714888.192,-9.277,131.836,126.953,-46.387,968.088
1686714888.196,18.066,345.215,149.902,46.875,968.091
1686714888.200,53.223,249.023,16.113,107.910,968.095
1686714888.204,33.203,127.441,49.316,25.391,968.099
1686714888.208,-12.207,98.633,71.289,-50.293,968.103
1686714888.212,-5.859,8.301,105.469,9.277,968.107
1686714888.215,42.480,-256.348,46.875,110.840,968.111
1686714888.219,37.598,-766.602,-20.020,69.336,968.115
1686714888.223,-6.348,-192.383,184.082,-41.992,968.119
1686714888.227,-7.812,218.750,146.484,-21.973,968.123
1686714888.231,44.434,-135.742,17.090,94.238,968.127
1686714888.235,65.918,-219.238,62.500,94.727,968.131
1686714888.237,16.113,113.770,147.461,-29.785,968.146
1686714888.241,-13.672,190.430,92.285,-40.527,968.150
1686714888.245,24.902,-399.414,-68.848,78.125,968.154
1686714888.249,63.965,-214.844,118.652,109.863,968.158
1686714888.253,33.203,284.180,136.719,6.836,968.162
1686714888.257,-16.113,-149.902,-53.223,-54.688,968.166
1686714888.260,7.812,-712.891,-74.219,37.109,968.170
1686714888.264,58.105,-333.496,144.531,120.605,968.174
1686714888.268,39.062,206.543,178.223,33.691,968.177
1686714888.272,-25.879,34.668,19.531,-69.336,968.181
1686714888.276,-26.367,-348.633,52.246,-18.066,968.185
1686714888.280,39.551,191.895,182.617,91.797,968.189
1686714888.282,46.387,481.934,118.164,66.895,968.191
1686714888.286,-17.090,115.234,-3.418,-60.547,968.195
1686714888.290,-32.715,20.996,64.453,-61.035,968.199
1686714888.294,15.625,353.027,156.738,53.223,968.203
1686714888.298,32.227,442.871,76.660,55.176,968.207
1686714888.302,-17.578,-196.777,-98.633,-48.340,968.211
1686714888.305,-51.270,-519.043,27.344,-66.895,968.215
1686714888.309,-8.789,153.320,208.984,28.809,968.219
1686714888.313,38.086,468.262,111.328,72.754,968.223
1686714888.317,-5.371,-139.648,-93.750,-26.367,968.227
1686714888.321,-63.477,-575.195,25.879,-99.121,968.230
1686714888.325,-30.273,-272.949,182.617,-11.230,968.234
1686714888.342,22.949,36.133,133.789,70.312,968.237
1686714888.346,-1.953,-412.598,-122.559,-1.953,968.241
1686714888.350,-49.805,-690.430,-7.812,-99.609,968.245
1686714888.354,-37.109,131.836,247.070,-62.500,968.249
1686714888.358,12.207,390.625,95.215,62.500,968.253
1686714888.362,20.508,-172.852,-52.246,47.363,968.257
1686714888.365,-31.738,-225.098,67.383,-75.195,968.261
1686714888.369,-54.199,256.836,179.688,-80.566,968.265
1686714888.373,-0.488,268.066,88.379,46.875,968.269
1686714888.377,32.715,-426.758,-90.820,77.637,968.272
1686714888.381,-7.324,-81.055,81.543,-48.340,968.276
1686714888.385,-34.180,385.742,150.879,-83.496,968.280
1686714888.387,0.488,130.859,56.152,22.949,968.283
1686714888.391,32.715,15.137,86.426,73.730,968.287
1686714888.395,3.418,256.836,116.699,-18.066,968.290
1686714888.399,-47.363,332.520,79.590,-100.098,968.294
1686714888.403,-35.645,9.766,7.812,-38.086,968.298
1686714888.407,7.324,-339.844,54.199,50.781,968.302
1686714888.410,5.371,-152.832,159.668,11.230,968.306
1686714888.414,-33.691,241.211,126.465,-89.355,968.310
1686714888.418,-35.645,-123.535,-21.973,-51.758,968.314
1686714888.422,23.438,-457.031,77.637,72.266,968.318
1686714888.426,37.598,89.355,158.691,55.664,968.322
1686714888.430,-17.090,-12.207,16.602,-64.941,968.326
1686714888.432,-36.621,-494.141,-17.578,-71.777,968.328
1686714888.436,0.488,-189.941,171.387,35.645,968.332
1686714888.440,31.250,497.070,193.359,58.594,968.336
1686714888.444,-11.230,206.055,-35.645,-47.363,968.340
1686714888.448,-64.453,-530.273,-153.320,-103.516,968.344
1686714888.452,-34.180,-431.641,78.613,-4.395,968.347
1686714888.455,20.020,202.637,220.215,62.500,968.351
1686714888.459,-3.906,227.539,6.836,-22.949,968.355
1686714888.463,-58.594,-662.109,-159.668,-97.168,968.359
1686714888.467,-38.574,-211.914,154.785,-37.109,968.363
1686714888.471,16.113,581.543,232.422,56.641,968.367
1686714888.475,6.348,327.637,0.488,14.160,968.371
1686714888.477,-53.223,39.062,2.441,-96.680,968.373
1686714888.481,-53.711,223.633,170.410,-64.453,968.377
1686714888.485,-0.488,447.266,141.602,54.199,968.381
1686714888.489,17.578,263.184,9.766,38.086,968.385
1686714888.493,-31.250,57.129,54.688,-83.008,968.389
1686714888.497,-62.988,-138.672,55.176,-87.891,968.392
1686714888.500,-14.648,-13.184,154.297,36.133,968.396
1686714888.504,22.949,-140.625,69.824,67.871,968.400
1686714888.508,-20.508,-859.863,-96.191,-43.945,968.404
1686714888.512,-51.270,-191.895,184.570,-104.980,968.408
1686714888.516,-9.766,307.129,174.805,-15.625,968.412
1686714888.520,31.738,-128.906,-21.973,67.383,968.416
1686714888.537,9.277,78.125,81.543,-10.742,968.433
1686714888.541,-47.363,402.832,176.270,-107.910,968.436
1686714888.545,-53.711,382.324,111.328,-60.059,968.440
1686714888.549,-3.906,-190.918,-60.547,43.457,968.444
1686714888.553,0.488,-78.613,97.168,15.137,968.448
1686714888.557,-48.340,131.836,115.723,-88.379,968.452
1686714888.560,-67.383,-113.281,59.082,-77.148,968.456
1686714888.564,-30.762,-458.008,-23.926,35.645,968.460
1686714888.568,-0.488,-280.273,101.074,41.016,968.464
1686714888.572,-35.156,270.508,202.637,-72.266,968.468
1686714888.576,-65.430,152.832,78.613,-99.609,968.472
1686714888.580,-31.738,-154.297,102.051,11.719,968.476
1686714888.567,4.883,331.055,177.734,59.570,968.463
1686714888.571,-23.926,518.066,115.723,-45.898,968.467
1686714888.575,-67.871,152.344,28.809,-115.723,968.471
1686714888.579,-39.062,154.297,156.250,-30.273,968.475
1686714888.583,9.277,444.824,166.992,49.805,968.478
1686714888.587,-12.207,140.625,-15.625,-26.855,968.482
1686714888.590,-62.988,-270.996,33.203,-114.258,968.486
1686714888.594,-57.617,-41.992,207.031,-62.988,968.490
1686714888.598,-20.020,439.453,187.988,34.668,968.494
1686714888.602,-20.508,572.266,118.652,0.488,968.498
1686714888.606,-80.566,-153.809,-172.852,-103.027,968.502
1686714888.610,-119.141,-937.988,-89.844,-102.051,968.506
1686714888.612,-62.012,-113.770,270.020,-0.977,968.508
1686714888.616,-23.926,570.801,146.973,14.160,968.512
1686714888.620,-80.566,-206.543,-147.461,-91.309,968.516
1686714888.624,-119.629,-246.094,66.895,-135.254,968.520
1686714888.628,-79.102,511.719,236.816,-46.387,968.524
1686714888.632,-36.621,278.809,50.781,21.484,968.528
1686714888.635,-63.965,-561.035,-97.168,-58.594,968.532
1686714888.639,-105.957,-264.160,148.438,-150.879,968.536
1686714888.643,-78.613,467.773,235.352,-78.125,968.540
1686714888.647,-32.227,472.656,88.867,22.461,968.543
1686714888.651,-46.387,276.855,75.195,-38.086,968.547
1686714888.655,-97.168,333.496,137.695,-138.672,968.551
1686714888.658,-96.680,465.332,129.395,-102.051,968.567
1686714888.662,-37.598,302.246,77.637,10.742,968.571
1686714888.666,-20.508,153.809,100.098,-4.883,968.575
1686714888.670,-71.289,328.613,124.023,-119.141,968.578
1686714888.674,-96.191,461.914,148.926,-132.812,968.582
1686714888.678,-55.176,31.738,41.504,-15.625,968.586
1686714888.681,-25.879,-723.145,-20.508,23.438,968.590
1686714888.685,-56.641,9.766,189.453,-93.262,968.594
1686714888.689,-96.191,464.355,153.809,-137.695,968.598
1686714888.693,-69.824,214.844,56.641,-40.527,968.602
1686714888.697,-15.625,267.578,104.980,28.320,968.606
1686714888.701,-41.016,175.293,141.602,-62.012,968.610
1686714888.717,-96.680,244.629,119.141,-157.715,968.612
1686714888.721,-84.961,-140.625,20.020,-83.496,968.616
1686714888.725,-29.785,2.441,163.574,22.461,968.620
1686714888.729,-19.531,603.516,181.641,-17.090,968.624
1686714888.733,-69.336,272.461,-4.883,-121.094,968.628
1686714888.737,-83.984,-506.348,-105.957,-111.816,968.632
1686714888.740,-39.062,-282.715,123.047,-14.648,968.636
1686714888.744,-26.367,577.637,245.605,-20.508,968.640
1686714888.748,-67.383,344.727,26.855,-120.117,968.644
1686714888.752,-89.355,-489.746,-63.477,-127.930,968.647
1686714888.756,-50.293,136.719,194.336,-32.715,968.651
1686714888.760,-23.438,768.555,202.148,2.441,968.655
1686714888.762,-68.359,381.836,25.879,-96.191,968.657
1686714888.766,-115.234,148.438,60.547,-158.691,968.661
1686714888.770,-78.125,417.480,212.402,-61.523,968.665
1686714888.774,-20.996,656.738,174.316,25.879,968.669
1686714888.778,-47.363,357.910,-0.977,-58.594,968.673
1686714888.782,-95.703,-108.398,55.664,-158.203,968.677
1686714888.785,-77.148,-53.223,161.621,-93.262,968.681
1686714888.789,-30.762,272.461,162.109,-0.488,968.685
1686714888.793,-28.809,18.066,53.711,-33.691,968.689
1686714888.797,-83.984,-756.348,-28.320,-130.371,968.692
1686714888.801,-91.797,-146.484,191.895,-115.723,968.696
1686714888.805,-29.785,338.867,177.734,9.277,968.700
1686714888.807,-21.973,-65.918,20.996,0.000,968.702
1686714888.811,-74.707,-26.855,159.180,-132.324,968.706
1686714888.815,-90.820,487.793,203.125,-151.855,968.710
1686714888.819,-52.246,562.500,122.070,-38.574,968.714
1686714888.823,-30.762,325.684,100.586,12.207,968.718
1686714888.827,-70.801,166.016,86.914,-77.637,968.722
1686714888.830,-107.422,181.641,155.273,-151.855,968.726
1686714888.834,-76.172,386.230,159.180,-75.684,968.730
1686714888.838,-31.738,-243.164,-54.199,18.555,968.734
1686714888.842,-46.875,-194.336,119.629,-49.805,968.737
1686714888.846,-99.609,384.277,245.605,-152.832,968.741
1686714888.850,-100.098,180.176,113.770,-106.445,968.745
1686714888.867,-41.504,54.199,155.762,14.648,968.762
1686714888.871,-28.809,536.621,176.758,-9.277,968.766
1686714888.875,-84.961,618.652,116.699,-124.512,968.770
1686714888.879,-99.609,383.789,115.723,-113.770,968.774
1686714888.883,-48.340,485.840,193.848,0.488,968.778
1686714888.887,-30.273,377.930,149.902,20.020,968.782
1686714888.890,-69.824,309.082,129.883,-86.914,968.786
1686714888.894,-96.680,82.031,31.250,-122.070,968.790
1686714888.898,-66.895,-318.359,121.094,-20.020,968.794
1686714888.902,-27.832,477.051,263.184,32.715,968.798
1686714888.906,-50.293,658.691,44.922,-49.805,968.802
1686714888.910,-102.051,-212.891,-42.969,-122.559,968.805
1686714888.897,-90.332,-307.129,196.289,-62.988,968.793
1686714888.901,-26.367,622.070,276.855,23.926,968.797
1686714888.905,-27.344,742.188,124.512,-32.227,968.801
1686714888.909,-90.820,-36.621,-91.309,-132.812,968.805
1686714888.913,-102.539,137.207,104.004,-112.793,968.809
1686714888.917,-48.828,533.203,216.309,-9.277,968.813
1686714888.920,-34.180,275.391,96.191,-12.695,968.817
1686714888.924,-87.402,16.602,95.703,-127.441,968.821
1686714888.928,-103.027,351.074,181.152,-131.836,968.825
1686714888.932,-42.969,773.926,216.309,-17.090,968.829
1686714888.936,-21.973,606.934,86.426,1.465,968.833
1686714888.940,-70.801,-319.824,-71.289,-101.074,968.836
1686714888.942,-101.074,46.387,179.688,-152.344,968.851
1686714888.946,-72.266,776.855,220.215,-62.988,968.855
1686714888.950,-30.273,513.184,90.820,9.766,968.859
1686714888.954,-48.340,345.703,196.289,-66.406,968.863
1686714888.958,-95.703,449.707,175.293,-145.996,968.867
1686714888.962,-68.359,358.398,153.320,-73.730,968.871
1686714888.965,-0.977,63.477,113.770,37.598,968.875
1686714888.969,-13.672,-494.629,49.805,-3.906,968.879
1686714888.973,-65.918,214.844,223.145,-115.723,968.883
1686714888.977,-65.430,724.121,207.520,-87.891,968.886
1686714888.981,-23.438,395.996,105.469,33.691,968.890
1686714888.985,-9.766,254.883,129.395,27.344,968.894
1686714888.987,-60.059,494.629,188.965,-98.633,968.896
1686714888.991,-93.262,660.156,158.203,-120.605,968.900
1686714888.995,-43.945,102.539,19.531,-3.906,968.903
1686714888.999,-6.836,215.820,171.875,29.297,968.907
1686714889.003,-41.504,720.703,208.496,-83.496,968.911
1686714889.007,-80.078,363.281,86.914,-139.160,968.915
1686714889.010,-54.688,-297.852,12.695,-39.062,968.919
1686714889.014,-12.695,90.820,185.547,25.879,968.923
1686714889.018,-37.598,837.891,234.375,-67.871,968.927
1686714889.022,-83.496,507.324,53.711,-143.555,968.931
1686714889.026,-76.660,-304.688,-22.461,-75.195,968.935
1686714889.030,-22.461,275.879,201.172,33.203,968.939
1686714889.032,-9.277,939.453,197.266,0.977,968.942
1686714889.036,-49.805,544.434,75.195,-100.586,968.945
1686714889.040,-65.918,400.391,184.082,-86.914,968.949
1686714889.044,-22.949,768.066,240.723,7.812,968.953
1686714889.048,4.395,965.332,159.668,19.531,968.957
1686714889.052,-42.480,293.457,-2.441,-84.961,968.961
1686714889.055,-82.031,-269.531,109.375,-113.281,968.965
1686714889.059,-38.086,380.859,248.047,-0.488,968.969
1686714889.063,2.441,618.164,147.461,53.223,968.973
1686714889.067,-22.461,202.637,107.910,-44.922,968.977
1686714889.071,-67.383,-5.371,205.078,-117.676,968.981
1686714889.075,-40.527,353.027,232.910,-23.926,968.984
1686714889.079,2.441,778.320,185.547,54.688,968.987
1686714889.083,-34.668,317.871,19.043,-34.180,968.991
1686714889.087,-83.984,192.383,155.762,-124.512,968.995
1686714889.091,-63.965,823.730,247.070,-64.453,968.999
1686714889.095,-11.230,761.719,83.984,43.945,969.003
1686714889.099,-6.836,279.297,27.344,13.672,969.007
1686714889.102,-49.805,243.164,142.578,-88.867,969.011
1686714889.106,-62.012,725.586,224.609,-78.125,969.015
1686714889.110,-6.836,796.387,132.324,31.250,969.019
1686714889.114,20.508,80.078,-26.855,40.527,969.022
1686714889.118,-30.762,133.789,118.652,-78.125,969.026
1686714889.122,-71.777,664.062,230.957,-129.883,969.030
1686714889.137,-37.109,661.133,125.488,-29.297,969.032
1686714889.141,-4.883,534.180,135.742,22.461,969.036
1686714889.145,-41.504,677.246,139.160,-68.848,969.040
1686714889.149,-84.961,615.234,109.863,-122.070,969.044
1686714889.153,-65.430,346.191,105.469,-45.898,969.048
1686714889.157,-21.484,-169.434,77.148,37.598,969.052
1686714889.160,-30.762,316.895,217.773,-33.691,969.056
1686714889.164,-75.684,811.035,156.250,-136.719,969.060
1686714889.168,-79.590,366.699,88.379,-91.797,969.064
1686714889.172,-33.203,341.309,250.488,9.766,969.068
1686714889.176,-19.043,823.242,183.105,-7.324,969.071
1686714889.180,-58.594,612.305,85.938,-105.957,969.075
1686714889.182,-70.801,75.195,73.730,-101.562,969.078
1686714889.186,-25.391,209.473,191.895,14.160,969.082
1686714889.190,7.812,949.707,261.719,23.926,969.086
1686714889.194,-29.785,942.383,120.117,-86.426,969.090
1686714889.198,-79.590,235.352,-67.383,-126.465,969.094
1686714889.202,-43.945,229.492,95.215,-21.973,969.098
1686714889.205,-2.441,765.137,236.816,47.852,969.101
1686714889.209,-37.598,858.887,124.023,-47.852,969.105
1686714889.213,-94.727,12.695,-62.500,-136.719,969.109
1686714889.217,-79.590,298.340,177.246,-76.172,969.113
1686714889.221,-11.719,-942.383,252.441,28.320,969.117
1686714889.225,-16.113,859.863,82.520,-13.672,969.121
1686714889.227,-74.707,699.707,103.516,-116.699,969.122
1686714889.231,-72.266,870.117,202.637,-74.219,969.126
1686714889.235,-11.230,995.605,187.500,47.852,969.130
1686714889.239,0.000,790.527,103.516,35.156,969.134
1686714889.243,-51.758,613.770,162.598,-86.426,969.138
1686714889.247,-76.660,474.609,162.109,-99.609,969.142
1686714889.250,-33.691,744.629,212.402,10.742,969.146
1686714889.254,3.418,680.664,74.707,48.828,969.150
1686714889.258,-31.250,-186.035,10.742,-46.387,969.154
1686714889.262,-65.430,511.719,246.094,-106.934,969.158
1686714889.266,-36.133,-927.734,197.266,-18.555,969.161
1686714889.270,6.348,474.609,62.500,57.617,969.165
1686714889.272,-15.137,385.742,181.641,-30.762,969.168
1686714889.276,-63.965,907.715,226.074,-120.605,969.171
1686714889.280,-48.828,921.875,161.133,-43.945,969.175
1686714889.284,6.348,760.742,132.812,60.547,969.179
1686714889.288,19.043,878.906,117.676,21.973,969.183
1686714889.292,-35.156,664.062,69.336,-95.215,969.187
1686714889.295,-63.477,529.785,115.234,-75.684,969.191
1686714889.299,-17.578,62.500,38.574,57.129,969.195
1686714889.303,12.207,175.293,206.055,62.988,969.199
1686714889.307,-28.809,971.191,228.516,-54.688,969.203
1686714889.311,-56.641,898.926,125.000,-81.543,969.207
1686714889.315,-8.301,826.172,225.586,30.762,969.211
1686714889.317,34.180,968.750,205.078,83.008,969.212
1686714889.321,-0.488,980.469,133.789,-20.508,969.216
1686714889.325,-45.898,823.242,114.258,-85.449,969.220
1686714889.329,-10.254,792.480,200.195,-5.859,969.224
1686714889.333,47.852,938.965,187.988,71.777,969.227
1686714889.337,25.391,907.227,118.164,2.930,969.231
1686714889.340,-43.457,424.805,87.891,-99.121,969.235
1686714889.344,-41.504,78.613,145.020,-41.504,969.239
1686714889.348,28.809,766.113,229.492,73.242,969.243
1686714889.352,19.531,967.285,138.184,16.113,969.247
1686714889.356,-42.969,442.383,84.961,-105.957,969.251
1686714889.360,-48.828,303.223,196.777,-85.938,969.255
1686714889.362,5.859,916.504,297.363,26.367,969.270
1686714889.366,24.902,-985.840,157.227,38.574,969.274
1686714889.370,-41.504,539.062,-102.539,-74.707,969.278
1686714889.374,-82.520,671.387,110.840,-116.699,969.282
1686714889.378,-47.363,-955.078,248.047,-9.277,969.286
1686714889.382,4.395,878.418,100.098,59.082,969.290
1686714889.385,-13.672,213.379,-23.926,-29.785,969.293
1686714889.389,-62.500,474.121,183.594,-109.375,969.297
1686714889.393,-36.621,-956.543,266.602,-29.297,969.301
1686714889.397,20.508,916.992,135.254,63.477,969.305
1686714889.401,9.766,882.812,91.309,6.836,969.309
1686714889.405,-44.434,825.684,129.395,-91.309,969.313
1686714889.408,-40.039,945.312,207.031,-54.688,969.315
1686714889.412,13.184,906.738,138.672,61.523,969.319
1686714889.416,17.578,710.449,118.164,43.457,969.323
1686714889.420,-30.273,896.973,161.621,-76.660,969.327
1686714889.424,-49.805,-959.473,175.781,-78.125,969.331
1686714889.428,-0.488,765.625,107.422,43.945,969.335
1686714889.431,36.133,450.195,122.559,77.148,969.338
1686714889.435,-2.441,888.184,203.125,-41.992,969.342
1686714889.439,-47.363,-993.652,162.598,-95.215,969.346
1686714889.443,-19.043,865.723,134.766,10.254,969.350
1686714889.447,25.391,880.859,136.719,73.730,969.354
1686714889.451,-6.836,878.906,155.273,-14.160,969.358
1686714889.468,-52.734,958.496,156.250,-88.867,969.363
1686714889.472,-33.203,571.289,46.387,-8.301,969.367
1686714889.476,20.508,559.082,146.973,90.332,969.371
1686714889.480,25.391,-984.863,232.910,34.668,969.375
1686714889.484,-24.414,984.863,111.816,-71.289,969.379
1686714889.488,-34.668,268.555,-34.180,-31.738,969.383
1686714889.491,14.648,240.723,218.262,80.566,969.387
1686714889.495,27.344,996.094,275.879,49.805,969.391
1686714889.499,-21.973,919.922,71.289,-73.242,969.395
1686714889.503,-48.828,798.340,126.465,-85.938,969.399
1686714889.507,-7.812,961.914,222.168,16.602,969.403
1686714889.511,20.508,986.328,192.871,53.711,969.406
1686714889.512,-21.484,937.988,58.105,-44.434,969.407
1686714889.516,-52.246,925.781,69.824,-103.027,969.410
1686714889.520,-23.926,958.008,210.938,-14.160,969.414
1686714889.524,14.648,992.676,168.945,60.547,969.418
1686714889.528,-9.766,888.184,32.715,-17.090,969.422
1686714889.532,-65.430,714.844,77.148,-105.957,969.426
1686714889.535,-52.734,824.707,202.637,-37.109,969.430
1686714889.539,-3.906,-927.246,222.656,77.148,969.434
1686714889.543,-7.812,770.508,4.883,33.691,969.438
1686714889.547,-60.059,4.395,-18.066,-78.125,969.442
1686714889.551,-64.453,666.016,233.887,-57.129,969.446
1686714889.555,-12.207,-900.879,184.082,44.434,969.450
1686714889.557,1.465,728.027,60.059,34.180,969.452
1686714889.561,-49.805,771.973,150.879,-73.242,969.456
1686714889.565,-65.430,-996.582,234.863,-93.750,969.460
1686714889.569,-14.160,948.242,163.574,15.137,969.463
1686714889.573,16.602,909.668,81.055,51.270,969.467
1686714889.577,-24.902,909.668,83.984,-55.176,969.471
1686714889.580,-74.707,935.059,181.152,-116.211,969.475
1686714889.584,-36.133,978.516,184.082,-20.996,969.479
1686714889.588,9.766,460.938,-5.859,71.777,969.483
1686714889.592,-8.789,568.359,167.969,-0.488,969.487
1686714889.596,-40.527,-971.191,228.027,-89.355,969.491
1686714889.600,-38.574,950.195,133.789,-34.668,969.495
1686714889.602,3.418,962.402,226.074,59.082,969.497
1686714889.606,16.602,970.215,193.359,18.555,969.501
1686714889.610,-34.180,971.191,136.719,-93.262,969.505
1686714889.614,-56.641,945.801,115.723,-86.426,969.509
1686714889.618,-14.160,957.520,202.637,31.738,969.512
1686714889.622,15.137,932.617,150.391,51.758,969.516
1686714889.625,-26.367,-993.652,132.324,-56.641,969.520
1686714889.629,-67.871,797.852,124.512,-93.750,969.524
1686714889.633,-30.273,511.719,144.043,2.930,969.528
1686714889.637,25.391,923.340,206.055,56.152,969.532
1686714889.641,-0.488,-982.422,148.438,-28.809,969.536
1686714889.645,-51.270,759.766,81.543,-108.887,969.540
1686714889.677,-37.109,817.383,200.195,-36.133,969.572
1686714889.681,22.461,-986.816,267.578,66.895,969.576
1686714889.685,24.414,971.680,102.051,14.648,969.580
1686714889.689,-34.180,652.832,-113.281,-87.891,969.584
1686714889.693,-46.387,760.254,137.695,-57.617,969.588
1686714889.697,-1.953,-961.426,230.469,50.781,969.592
1686714889.700,10.254,936.523,95.703,37.598,969.596
1686714889.704,-39.551,497.559,-35.645,-75.684,969.599
1686714889.708,-49.805,718.750,154.297,-90.332,969.603
1686714889.712,17.090,-953.125,253.418,23.438,969.607
1686714889.716,44.922,937.012,91.797,52.734,969.611
1686714889.720,-1.953,964.844,71.289,-53.711,969.615
1686714889.707,-33.203,958.984,146.484,-86.914,969.617
1686714889.711,5.859,988.281,198.730,18.555,969.621
1686714889.715,49.316,924.316,88.867,86.914,969.625
1686714889.719,11.230,873.535,96.191,-7.324,969.629
1686714889.723,-42.969,970.215,188.477,-90.820,969.632
1686714889.727,-20.508,977.051,163.574,-10.254,969.636
1686714889.730,29.297,932.617,162.598,86.914,969.640
1686714889.734,28.809,935.059,190.918,36.621,969.644
1686714889.738,-13.184,974.121,173.828,-62.500,969.648
1686714889.742,-10.742,984.375,175.293,-33.203,969.652
1686714889.746,36.133,885.254,62.500,79.590,969.656
1686714889.750,42.969,895.996,106.934,66.895,969.660
1686714889.737,-2.930,957.520,179.199,-51.270,969.646
1686714889.741,-24.414,-972.168,176.270,-65.430,969.650
1686714889.745,13.184,713.379,-14.160,56.152,969.654
1686714889.749,39.062,147.949,-17.090,94.727,969.658
1686714889.753,12.207,748.047,266.113,-13.672,969.662
1686714889.757,-24.902,-984.863,152.344,-57.617,969.665
1686714889.760,-11.230,791.504,87.402,32.227,969.669
1686714889.764,43.457,938.965,205.078,93.750,969.673
1686714889.768,43.945,-986.328,191.895,23.438,969.677
1686714889.772,-6.836,911.133,77.637,-51.758,969.681
1686714889.776,-3.418,737.793,62.988,12.207,969.685
1686714889.780,46.387,911.621,226.074,100.098,969.689
1686714889.782,41.016,-967.773,214.844,48.340,969.692
1686714889.786,-8.789,886.719,42.480,-49.805,969.695
1686714889.790,-16.602,713.867,70.801,-26.367,969.699
1686714889.794,41.992,930.664,252.441,79.590,969.703
1686714889.798,58.594,-984.375,167.969,78.613,969.707
1686714889.802,7.324,887.207,-11.719,-27.832,969.711
1686714889.805,-12.695,844.238,83.008,-41.016,969.715
1686714889.809,29.297,947.754,272.461,70.312,969.719
1686714889.813,74.219,-971.191,195.801,117.188,969.723
1686714889.817,40.039,819.336,-31.250,21.484,969.727
1686714889.821,-20.020,620.605,66.895,-39.062,969.731
1686714889.825,3.418,943.848,277.344,34.668,969.734
1686714889.842,58.105,-991.211,161.133,109.863,969.737
1686714889.846,41.504,839.844,-63.965,41.992,969.741
1686714889.850,-17.578,870.605,128.418,-64.453,969.745
1686714889.854,-9.766,-996.582,277.832,-20.996,969.749
1686714889.858,43.457,950.195,139.160,91.309,969.753
1686714889.862,44.434,897.949,32.715,69.336,969.757
1686714889.865,-3.418,943.359,154.785,-49.805,969.761
1686714889.869,-15.137,993.164,223.633,-46.875,969.765
1686714889.873,31.738,954.590,128.906,68.359,969.769
1686714889.877,54.688,666.016,2.441,86.914,969.772
1686714889.881,11.230,824.707,186.035,-23.926,969.776
1686714889.885,-16.113,-980.957,215.332,-61.523,969.780
1686714889.887,25.879,952.637,164.551,40.527,969.796
1686714889.891,70.312,974.609,242.188,95.215,969.800
1686714889.895,34.668,970.703,184.570,-0.488,969.804
1686714889.899,-14.648,974.121,167.480,-63.965,969.808
1686714889.903,11.230,956.055,132.324,23.926,969.811
1686714889.907,54.688,954.590,157.715,114.258,969.815
1686714889.910,30.273,954.102,176.270,44.434,969.819
1686714889.914,-17.090,-996.582,184.082,-55.664,969.823
1686714889.918,-12.695,872.559,62.500,-12.207,969.827
1686714889.922,31.738,779.297,135.742,88.867,969.831
1686714889.926,46.387,975.586,230.469,63.965,969.835
1686714889.930,2.930,985.352,108.887,-41.504,969.839
1686714889.932,-21.484,887.695,80.566,-36.621,969.827
1686714889.936,33.691,895.020,227.539,71.777,969.831
1686714889.940,73.242,995.117,223.145,90.332,969.835
1686714889.944,21.973,967.773,111.816,-19.043,969.839
1686714889.948,-20.508,754.883,-67.871,-56.641,969.843
1686714889.952,20.508,846.191,128.906,47.852,969.846
1686714889.955,72.754,-979.004,259.277,100.098,969.850
1686714889.959,49.805,924.316,50.781,20.020,969.854
1686714889.963,-12.207,864.258,59.082,-52.246,969.858
1686714889.967,2.441,943.359,204.102,3.906,969.862
1686714889.971,58.105,-987.793,210.449,96.191,969.866
1686714889.975,45.410,913.574,51.270,43.945,969.870
1686714889.978,-13.672,680.664,-14.160,-57.617,969.873
1686714889.982,-9.277,904.785,203.125,-24.414,969.877
1686714889.986,54.199,-984.863,232.910,86.426,969.881
1686714889.990,61.035,923.340,34.668,66.406,969.885
1686714889.994,2.441,928.223,61.035,-45.898,969.889
1686714889.998,-18.066,959.473,194.824,-35.156,969.892
1686714890.001,20.996,-995.605,197.754,62.012,969.896
1686714890.005,55.664,882.812,114.258,89.355,969.900
1686714890.009,15.137,775.879,112.305,2.441,969.904
1686714890.013,-30.762,968.750,237.793,-62.012,969.908
1686714890.017,19.043,990.723,181.641,41.016,969.912
1686714890.021,68.848,915.527,80.078,121.582,969.916
1686714890.022,24.414,923.340,187.988,9.766,969.917
1686714890.026,-25.879,983.398,202.148,-83.984,969.921
1686714890.030,-2.441,966.309,156.738,-0.977,969.924
1686714890.034,51.270,957.520,105.957,109.375,969.928
1686714890.038,57.617,959.473,143.555,66.895,969.932
1686714890.042,5.371,973.633,132.324,-51.758,969.936
1686714890.045,-3.906,978.516,133.789,-36.621,969.940
1686714890.049,42.969,701.660,2.930,82.031,969.944
1686714890.053,60.547,778.320,141.602,83.984,969.948
1686714890.057,23.926,-986.328,255.371,-32.715,969.952
1686714890.061,-2.930,958.008,119.629,-45.410,969.956
1686714890.065,40.527,970.703,161.621,71.289,969.960
1686714890.067,83.984,971.680,204.102,120.117,969.962
1686714890.071,52.246,972.656,166.504,28.320,969.966
1686714890.075,3.418,967.773,64.453,-40.039,969.970
1686714890.079,21.484,972.656,195.312,37.109,969.973
1686714890.083,69.336,947.754,193.359,128.418,969.977
1686714890.087,52.734,-989.746,10.742,68.359,969.981
1686714890.090,0.488,882.812,22.461,-31.738,969.985
1686714890.094,-0.977,514.160,48.828,19.043,969.989
1686714890.098,64.941,840.332,233.398,124.023,969.993
1686714890.102,78.613,-973.633,181.641,91.309,969.997
1686714890.106,7.812,938.965,-10.742,-25.879,970.001
1686714890.110,-11.719,968.750,106.934,-20.020,970.005
1686714890.112,42.480,971.680,278.809,91.309,970.021
1686714890.116,77.637,983.887,176.270,106.934,970.024
1686714890.120,31.738,885.254,-82.031,10.254,970.028
1686714890.124,-8.789,892.090,121.094,-31.250,970.032
1686714890.128,42.480,998.535,270.996,69.336,970.036
1686714890.132,81.543,964.355,71.289,130.371,970.040
1686714890.135,34.180,750.488,-68.848,35.645,970.044
1686714890.139,-6.836,854.004,161.133,-41.504,970.048
1686714890.143,16.602,-983.887,250.000,30.273,970.052
1686714890.147,64.941,938.965,128.906,122.070,970.056
1686714890.151,62.988,917.969,101.562,58.594,970.060
1686714890.155,12.695,968.750,197.754,-49.805,970.064
1686714890.157,13.184,975.586,194.336,-10.742,970.066
1686714890.161,59.570,968.750,131.836,90.820,970.070
1686714890.165,56.641,972.656,163.086,62.500,970.074
1686714890.169,6.348,970.215,160.645,-41.992,970.078
1686714890.173,-23.926,977.051,168.457,-43.945,970.082
1686714890.177,21.973,953.125,95.703,66.895,970.086
1686714890.180,55.664,947.754,111.816,91.797,970.090
1686714890.184,10.254,973.633,206.543,-21.484,970.094
1686714890.188,-26.367,976.562,171.875,-60.059,970.098
1686714890.192,9.277,950.195,109.375,38.574,970.101
1686714890.196,59.570,949.219,153.320,106.445,970.105
1686714890.200,29.785,967.773,184.570,31.250,970.109
1686714890.203,-21.484,987.793,145.996,-52.246,970.114
1686714890.207,-4.395,911.133,38.086,16.602,970.118
1686714890.211,44.922,874.512,145.508,110.840,970.122
1686714890.215,44.434,987.793,245.117,46.875,970.125
1686714890.219,-1.465,961.426,97.168,-56.152,970.129
1686714890.223,-6.348,925.293,42.969,-22.461,970.133
1686714890.226,40.039,953.613,187.988,78.613,970.137
1686714890.230,54.688,993.164,213.379,63.965,970.141
1686714890.234,5.371,944.336,26.855,-46.387,970.145
1686714890.238,-24.414,801.758,-36.621,-54.688,970.149
1686714890.242,20.020,930.664,209.961,51.758,970.153
1686714890.246,58.105,993.164,220.703,83.984,970.157
1686714890.263,20.020,960.449,31.738,-21.973,970.158
1686714890.267,-32.227,977.539,51.270,-79.590,970.162
1686714890.271,4.883,955.566,191.895,24.902,970.166
1686714890.275,64.453,-998.047,194.336,107.910,970.170
1686714890.279,33.203,905.273,20.020,34.180,970.174
1686714890.283,-23.926,751.953,33.691,-47.852,970.178
1686714890.286,-15.625,945.801,256.348,-9.277,970.182
1686714890.290,38.574,998.047,208.008,87.891,970.186
1686714890.294,49.805,930.176,11.230,71.289,970.189
1686714890.298,-10.254,935.059,83.496,-40.039,970.193
1686714890.302,-36.133,975.586,200.684,-40.527,970.197
1686714890.306,13.184,975.586,150.391,66.406,970.201
1686714890.307,36.621,949.219,70.312,73.730,970.202
1686714890.311,-9.766,946.289,170.410,-47.363,970.206
1686714890.315,-33.203,978.516,239.258,-78.125,970.210
1686714890.319,20.020,966.797,166.016,42.969,970.213
1686714890.323,57.129,963.379,38.086,93.750,970.217
1686714890.327,20.020,965.820,41.016,-3.906,970.221
1686714890.330,-25.391,974.121,151.367,-64.453,970.225
1686714890.334,-0.977,977.539,167.480,20.020,970.229
1686714890.338,35.156,805.664,-9.766,105.469,970.233
1686714890.342,20.508,860.840,144.531,30.273,970.237
1686714890.346,-20.996,998.535,217.285,-69.336,970.241
1686714890.350,-8.789,962.891,134.766,-6.348,970.245
1686714890.352,50.781,972.168,174.316,104.492,970.247
1686714890.356,51.270,971.680,161.621,76.660,970.251
1686714890.360,-4.395,973.145,152.344,-42.969,970.255
1686714890.364,-18.555,967.773,134.766,-37.598,970.258
1686714890.368,25.879,970.703,199.707,86.426,970.262
1686714890.372,45.410,958.008,15.137,93.750,970.266
1686714890.375,-0.977,995.605,18.066,-35.645,970.270
1686714890.379,-38.574,918.945,104.004,-69.336,970.274
1686714890.383,1.465,738.281,13.672,39.551,970.278
1686714890.387,51.758,917.480,217.773,81.055,970.282
1686714890.391,19.531,-995.605,91.309,-21.484,970.286
1686714890.395,-29.785,924.316,-73.242,-71.289,970.290
1686714890.397,0.977,937.500,222.168,22.461,970.292
1686714890.401,65.918,979.980,240.723,107.422,970.296
1686714890.405,48.828,969.238,77.148,48.828,970.300
1686714890.409,-17.090,966.797,-20.508,-59.082,970.304
1686714890.413,-1.953,962.402,126.953,-14.160,970.307
1686714890.417,48.828,981.445,187.988,104.492,970.311
1686714890.420,47.852,968.262,97.168,83.984,970.315
1686714890.424,0.977,777.344,-37.598,-25.391,970.319
1686714890.428,-12.695,870.605,153.320,-38.086,970.323
1686714890.432,38.574,-990.234,220.703,67.383,970.327
1686714890.436,63.965,943.359,83.008,99.121,970.331
1686714890.440,21.973,928.711,94.238,-4.395,970.335
1686714890.442,-8.301,970.703,184.570,-55.664,970.337
1686714890.446,28.320,974.609,199.707,38.086,970.340
1686714890.450,71.289,969.238,76.660,104.492,970.344
1686714890.454,41.992,975.098,88.379,21.973,970.348
1686714890.458,-11.719,961.426,130.859,-51.758,970.352
1686714890.462,3.418,994.141,41.504,21.973,970.356
1686714890.465,56.152,913.574,55.664,112.793,970.360
1686714890.469,46.387,832.520,94.238,54.199,970.364
1686714890.473,-5.859,969.727,187.988,-51.758,970.368
1686714890.477,-10.254,980.957,173.340,-12.207,970.372
1686714890.481,32.227,956.543,57.129,101.074,970.376
1686714890.485,41.016,963.867,100.098,84.473,970.380
1686714890.488,8.301,970.215,127.441,-36.133,970.383
1686714890.492,-8.301,977.051,126.953,-55.176,970.387
1686714890.496,26.367,945.801,30.762,62.988,970.391
1686714890.500,62.500,935.547,184.082,97.656,970.395
1686714890.504,21.973,985.352,182.617,-13.184,970.399
1686714890.508,-27.832,966.797,-45.898,-69.824,970.403
1686714890.511,-2.441,815.430,-84.961,35.156,970.407
1686714890.515,44.434,895.020,177.246,111.328,970.411
1686714890.519,25.391,996.094,202.148,13.672,970.415
1686714890.523,-16.602,961.914,-3.418,-74.219,970.418
1686714890.527,-7.324,973.145,96.191,-7.324,970.422
1686714890.531,40.039,971.680,227.539,94.727,970.426
1686714890.532,40.527,971.680,151.855,53.711,970.442
1686714890.536,-17.090,972.168,22.949,-54.199,970.445
1686714890.540,-28.320,975.586,55.176,-40.039,970.449
1686714890.544,25.879,950.684,181.152,83.984,970.453
1686714890.548,40.527,-994.629,180.664,80.078,970.457
1686714890.552,-11.230,913.086,-46.387,-34.668,970.461
1686714890.555,-34.180,578.613,-50.781,-40.039,970.465
1686714890.559,27.832,841.797,259.766,59.082,970.469
1686714890.563,73.242,-979.492,174.316,96.680,970.473
1686714890.567,36.133,948.242,-46.387,5.859,970.477
1686714890.571,-13.672,976.074,46.875,-42.969,970.481
1686714890.575,5.371,969.238,201.172,41.992,970.484
1686714890.592,56.641,980.957,171.387,114.258,970.488
1686714890.596,26.855,936.523,-71.289,37.598,970.492
1686714890.600,-33.691,929.199,123.535,-61.523,970.496
1686714890.604,-14.648,984.863,253.906,-6.836,970.500
1686714890.608,42.480,960.938,142.090,99.121,970.504
1686714890.612,42.480,938.477,-47.363,65.430,970.508
1686714890.615,-20.996,956.543,-47.852,-49.316,970.512
1686714890.619,-36.621,982.910,188.477,-35.645,970.516
1686714890.623,20.508,964.355,146.484,79.102,970.520
1686714890.627,31.738,758.301,-81.543,84.473,970.523
1686714890.631,-16.602,867.188,161.133,-36.133,970.527
1686714890.635,-41.016,-995.117,224.609,-69.336,970.531
1686714890.652,1.465,958.008,91.797,41.504,970.548
1686714890.656,51.270,973.633,103.516,96.191,970.552
1686714890.660,21.973,971.191,111.328,2.441,970.555
1686714890.664,-25.391,974.121,141.113,-65.430,970.559
1686714890.668,3.418,962.402,104.980,15.625,970.563
1686714890.672,45.898,964.355,95.703,98.145,970.567
1686714890.675,31.250,958.008,170.898,27.832,970.571
1686714890.679,-27.832,-999.512,111.328,-81.055,970.575
1686714890.683,-27.344,911.133,-38.574,-35.156,970.579
1686714890.687,31.738,714.844,0.488,83.984,970.583
1686714890.691,38.086,917.480,202.148,60.059,970.587
1686714890.695,-9.766,-997.070,31.250,-54.688,970.591
1686714890.682,-29.297,927.246,-79.102,-54.199,970.578
1686714890.686,16.602,943.359,186.523,61.035,970.582
1686714890.690,42.969,979.980,217.285,78.125,970.586
1686714890.694,-2.930,966.309,67.871,-30.762,970.590
1686714890.698,-45.898,961.914,-11.719,-66.895,970.594
1686714890.702,-2.930,967.285,115.234,43.457,970.598
1686714890.705,46.387,980.957,206.543,96.680,970.601
1686714890.709,24.414,953.613,64.453,4.883,970.605
1686714890.713,-25.879,916.504,36.133,-68.359,970.609
1686714890.717,-5.859,957.031,216.309,7.812,970.613
1686714890.721,47.363,989.258,145.508,104.980,970.617
1686714890.725,37.598,955.078,-67.871,48.340,970.621
1686714890.742,-16.113,715.820,-87.402,-57.129,970.638
1686714890.746,-9.766,854.004,240.234,-26.367,970.642
1686714890.750,54.199,-989.746,234.863,99.609,970.645
1686714890.754,60.059,954.102,34.180,91.797,970.649
1686714890.758,6.348,975.098,54.688,-37.598,970.653
1686714890.762,-17.090,961.426,26.855,-47.852,970.657
1686714890.765,30.762,991.699,131.348,67.871,970.661
1686714890.769,52.734,913.086,97.656,94.727,970.665
1686714890.773,6.348,851.074,73.730,-15.625,970.669
1686714890.777,-31.250,973.633,239.746,-73.242,970.673
1686714890.781,-7.324,982.422,126.953,20.508,970.677
1686714890.785,37.109,942.383,13.672,92.285,970.681
1686714890.773,14.648,944.824,134.277,1.465,970.669
1686714890.777,-31.250,976.074,109.375,-87.402,970.673
1686714890.781,-10.254,975.098,109.863,-20.508,970.677
1686714890.785,33.691,955.566,-17.090,79.590,970.681
1686714890.789,24.902,950.195,84.961,29.297,970.685
1686714890.793,-32.715,979.492,56.152,-87.402,970.689
1686714890.796,-47.852,962.891,-36.133,-64.941,970.692
1686714890.800,3.418,944.824,72.754,59.570,970.696
1686714890.804,18.555,961.914,158.203,55.664,970.700
1686714890.808,-26.855,985.840,106.934,-57.617,970.704
1686714890.812,-51.270,953.613,-71.289,-68.359,970.708
1686714890.816,-13.184,835.449,-84.961,40.527,970.712
1686714890.817,26.855,929.688,170.410,75.684,970.713
1686714890.821,-0.488,989.746,147.461,-21.973,970.716
1686714890.825,-45.410,962.891,-17.090,-74.219,970.720
1686714890.829,-23.438,977.051,65.918,15.625,970.724
1686714890.833,28.320,956.055,132.324,88.379,970.728
1686714890.837,17.090,997.070,5.859,19.043,970.732
1686714890.840,-30.762,922.363,-73.242,-69.824,970.736
1686714890.844,-21.973,690.430,-48.828,-23.438,970.740
1686714890.848,33.203,890.137,207.031,73.242,970.744
1686714890.852,48.340,-995.117,140.625,44.434,970.748
1686714890.856,0.977,954.590,-99.609,-64.941,970.752
1686714890.860,-26.367,974.609,76.660,-63.477,970.756
1686714890.877,22.461,969.727,240.723,46.875,970.773
1686714890.881,49.805,979.980,97.656,52.246,970.777
1686714890.885,-5.371,936.035,-75.195,-58.105,970.780
1686714890.889,-41.016,927.246,142.090,-83.008,970.784
1686714890.893,0.488,983.398,211.914,24.902,970.788
1686714890.897,46.387,976.562,-52.734,79.590,970.792
1686714890.900,16.602,787.598,-181.641,-11.230,970.796
1686714890.904,-32.227,850.098,123.047,-79.102,970.800
1686714890.908,-10.254,-997.070,253.906,-9.277,970.804
1686714890.912,44.922,958.984,58.105,70.312,970.808
1686714890.916,34.668,966.309,77.637,13.184,970.812
1686714890.920,-19.531,972.168,142.090,-76.660,970.816
1686714890.907,-11.230,972.168,124.023,-30.762,970.817
1686714890.911,44.434,971.680,71.777,72.266,970.821
1686714890.915,46.387,971.680,24.414,44.434,970.825
1686714890.919,-12.207,970.703,11.719,-65.430,970.829
1686714890.923,-34.668,974.121,3.906,-62.988,970.832
1686714890.927,15.137,962.402,-22.949,54.199,970.836
1686714890.930,39.062,963.867,56.152,71.777,970.840
1686714890.934,-5.371,958.984,153.809,-41.016,970.844
1686714890.938,-46.387,998.047,84.961,-79.590,970.848
1686714890.942,-16.113,911.621,-22.461,19.531,970.852
1686714890.946,31.738,728.516,-38.574,88.867,970.856
1686714890.950,12.207,920.410,168.457,-1.465,970.860
1686714890.967,-26.367,-998.047,162.109,-96.680,970.863
1686714890.971,-5.859,934.082,-38.086,-19.531,970.867
1686714890.975,49.805,941.895,152.832,81.055,970.870
1686714890.979,50.293,985.352,176.758,18.066,970.874
1686714890.983,4.883,956.543,-50.781,-82.031,970.878
1686714890.987,11.230,907.715,-71.289,-36.621,970.882
1686714890.990,63.477,948.242,151.855,76.660,970.886
1686714890.994,66.406,997.559,197.266,63.477,970.890
1686714890.998,32.227,942.383,-20.020,-42.969,970.894
1686714891.002,13.672,754.395,-87.891,-48.828,970.898
1686714891.006,59.082,902.832,146.484,55.176,970.902
1686714891.010,97.168,-988.281,77.637,93.750,970.906
1686714891.012,47.363,929.199,-93.262,-2.441,970.908
1686714891.016,-0.488,910.156,108.887,-54.199,970.912
1686714891.020,32.715,971.680,243.652,41.992,970.916
1686714891.024,74.707,977.539,134.766,105.957,970.919
1686714891.028,34.668,956.055,-8.789,22.949,970.923
1686714891.032,-25.391,958.008,-50.781,-57.617,970.927
1686714891.035,-9.766,954.590,140.625,3.906,970.931
1686714891.039,46.875,-991.699,172.363,104.004,970.935
1686714891.043,40.039,869.141,-84.961,56.641,970.939
1686714891.047,-22.461,750.000,58.594,-53.711,970.943
1686714891.051,-30.273,969.238,163.086,-33.203,970.947
1686714891.055,23.438,990.723,-12.207,82.031,970.951
1686714891.058,34.180,912.598,-60.547,81.055,970.954
1686714891.062,-2.930,918.457,116.211,-35.156,970.958
1686714891.066,-26.367,986.328,152.832,-61.523,970.962
1686714891.070,15.625,966.797,127.930,41.016,970.966
1686714891.074,43.945,892.090,-66.895,72.266,970.970
1686714891.078,1.465,923.340,-91.309,-23.926,970.974
1686714891.081,-39.062,990.234,105.957,-87.402,970.978
1686714891.085,-10.742,959.473,113.281,-7.812,970.982
1686714891.089,37.109,746.094,-44.922,79.102,970.986
1686714891.093,16.602,864.258,128.906,1.953,970.990
1686714891.097,-35.156,-994.141,166.504,-91.309,970.994
1686714891.101,-23.438,955.566,17.090,-34.668,970.997
1686714891.102,31.250,974.121,77.148,68.848,970.998
1686714891.106,21.484,971.680,133.301,19.043,971.002
1686714891.110,-41.016,973.145,15.625,-100.098,971.006
1686714891.114,-48.828,965.332,-52.246,-74.707,971.009
1686714891.118,4.883,971.191,0.000,45.410,971.013
1686714891.122,26.855,939.453,-25.391,49.316,971.017
1686714891.125,-20.996,-989.258,-12.695,-56.152,971.021
1686714891.129,-57.129,874.512,-5.859,-79.102,971.025
1686714891.133,-24.414,413.086,-25.879,24.902,971.029
1686714891.137,21.973,793.457,197.266,61.523,971.033
1686714891.141,-6.836,-946.289,52.246,-34.668,971.037
1686714891.145,-62.012,852.539,-105.469,-95.215,971.041
1686714891.147,-42.480,886.230,205.078,-19.043,971.043
1686714891.151,9.766,992.188,221.680,59.082,971.047
1686714891.155,3.418,962.891,31.250,-0.488,971.050
1686714891.159,-42.480,938.965,-47.852,-91.309,971.054
1686714891.163,-41.992,954.590,107.422,-48.828,971.058
1686714891.167,10.254,971.191,52.734,65.430,971.062
1686714891.170,20.020,995.117,-75.684,49.805,971.066
1686714891.174,-37.109,490.723,-151.367,-59.570,971.070
1686714891.178,-62.012,546.387,108.887,-71.777,971.074
1686714891.182,-14.160,-968.750,245.605,23.438,971.078
1686714891.186,14.160,953.613,31.738,43.945,971.082
1686714891.190,-18.555,954.590,16.113,-61.523,971.086
1686714891.192,-50.781,973.145,125.000,-101.562,971.088
1686714891.196,-24.902,972.168,165.039,11.719,971.092
1686714891.200,12.695,970.215,57.129,73.242,971.096
1686714891.204,-17.578,975.098,-24.414,-28.320,971.099
1686714891.208,-67.871,942.383,-25.879,-115.234,971.103
1686714891.212,-49.316,-987.305,-4.395,-39.062,971.107
1686714891.215,-2.441,853.516,17.090,62.988,971.111
1686714891.219,-16.113,585.938,59.082,8.789,971.115
1686714891.223,-60.547,906.738,160.156,-99.121,971.119
1686714891.227,-55.176,-969.727,143.066,-63.477,971.123
1686714891.231,-9.766,853.516,25.879,49.316,971.127
1686714891.235,-2.930,822.266,36.621,37.598,971.131
1686714891.252,-43.457,981.934,180.664,-76.660,971.148
1686714891.256,-56.641,981.445,104.980,-86.914,971.152
1686714891.260,-12.207,861.328,-80.078,30.762,971.156
1686714891.264,21.484,885.742,96.191,63.477,971.160
1686714891.268,-17.578,999.023,131.348,-50.293,971.163
1686714891.272,-50.293,953.613,-88.867,-93.262,971.167
1686714891.275,-20.020,590.820,-103.027,9.766,971.171
1686714891.279,18.066,755.859,182.617,73.730,971.175
1686714891.283,22.949,-963.379,154.297,7.324,971.179
1686714891.287,-10.254,929.199,-77.148,-70.801,971.183
1686714891.291,1.953,947.266,73.242,-15.625,971.187
1686714891.295,48.340,960.938,147.949,80.078,971.191
1686714891.283,40.527,990.723,-19.043,38.086,971.191
1686714891.287,-16.602,895.508,-82.031,-67.871,971.195
1686714891.291,-31.250,791.504,102.539,-41.992,971.199
1686714891.295,27.832,952.148,222.168,68.359,971.203
1686714891.299,46.875,-997.559,47.363,58.105,971.207
1686714891.303,-5.859,889.648,-81.543,-45.898,971.211
1686714891.306,-32.227,831.055,82.031,-56.152,971.214
1686714891.310,13.672,934.570,200.195,42.969,971.218
1686714891.314,48.828,-953.613,110.840,80.566,971.222
1686714891.318,3.418,770.508,-92.285,-18.555,971.226
1686714891.322,-54.199,312.988,38.086,-86.914,971.230
1686714891.326,-28.809,801.758,240.234,-5.371,971.234
1686714891.342,23.438,-940.918,110.840,78.125,971.238
1686714891.346,2.441,771.484,-84.961,15.625,971.242
1686714891.350,-49.316,779.785,79.590,-78.125,971.246
1686714891.354,-43.945,984.863,216.797,-35.645,971.250
1686714891.358,12.207,-982.422,131.348,60.547,971.254
1686714891.362,9.766,495.605,-159.180,34.668,971.258
1686714891.365,-54.688,412.109,27.344,-69.824,971.262
1686714891.369,-55.176,998.047,241.211,-63.965,971.266
1686714891.373,0.000,948.242,91.797,51.270,971.270
1686714891.377,21.484,878.906,96.191,57.129,971.274
1686714891.381,-13.672,967.773,114.258,-56.641,971.278
1686714891.385,-47.363,970.215,84.961,-85.938,971.281
1686714891.404,-9.277,964.355,104.492,15.625,971.302
1686714891.408,42.480,971.191,96.191,81.055,971.306
1686714891.412,6.348,966.797,100.586,-11.230,971.310
1686714891.416,-48.340,976.562,7.812,-91.309,971.314
1686714891.420,-23.438,936.523,-62.500,-9.277,971.318
1686714891.424,16.602,918.457,34.180,73.242,971.322
1686714891.427,0.488,906.738,70.801,12.207,971.326
1686714891.431,-46.387,996.094,83.984,-90.332,971.330
1686714891.435,-38.574,846.191,34.668,-42.480,971.334
1686714891.439,22.949,205.078,-50.781,80.566,971.338
1686714891.443,31.250,679.199,127.441,39.062,971.341
1686714891.447,-28.320,-947.266,85.449,-76.660,971.345
1686714891.432,-45.410,818.359,15.625,-63.965,971.327
1686714891.436,0.000,888.184,159.668,38.086,971.331
1686714891.440,22.461,-998.047,136.230,63.965,971.335
1686714891.444,-7.812,952.637,-14.160,-30.762,971.339
1686714891.448,-48.828,697.266,-132.812,-83.008,971.343
1686714891.452,-13.184,806.641,75.684,18.066,971.347
1686714891.455,40.527,-958.984,215.820,78.613,971.351
1686714891.459,6.348,888.184,21.973,-8.301,971.355
1686714891.463,-47.852,573.242,8.789,-79.590,971.359
1686714891.467,-23.438,833.984,184.082,-5.859,971.363
1686714891.471,28.320,-983.398,162.109,86.914,971.367
1686714891.475,22.949,973.633,32.715,28.320,971.370
1686714891.477,-35.645,105.469,-171.875,-69.824,971.373
1686714891.481,-39.062,-208.008,31.738,-36.133,971.377
1686714891.485,26.855,829.590,238.281,73.242,971.381
1686714891.489,42.969,-973.145,62.988,66.406,971.385
1686714891.493,-19.043,912.598,-18.555,-53.223,971.389
1686714891.497,-34.180,912.109,46.875,-49.316,971.393
1686714891.500,10.742,-979.004,170.410,55.176,971.397
1686714891.504,34.180,834.473,100.098,67.871,971.400
1686714891.508,-10.742,437.012,61.523,-35.645,971.404
1686714891.512,-49.805,850.098,211.426,-89.355,971.408
1686714891.516,-13.184,-937.500,154.297,1.953,971.412
1686714891.520,26.855,750.977,-15.137,70.801,971.416
1686714891.537,-4.883,641.113,49.805,-15.625,971.433
1686714891.541,-53.223,965.820,201.660,-115.723,971.437
1686714891.545,-27.344,989.258,132.812,-45.898,971.440
1686714891.549,25.879,790.527,-67.383,66.406,971.444
1686714891.553,21.484,855.469,44.922,14.160,971.448
1686714891.557,-29.297,967.773,32.715,-97.656,971.452
1686714891.560,-42.480,916.992,-51.270,-73.242,971.456
1686714891.564,10.254,550.781,-60.547,49.316,971.460
1686714891.568,39.062,722.656,135.742,49.805,971.464
1686714891.572,0.977,-958.984,145.508,-70.801,971.468
1686714891.576,-25.391,919.434,-25.879,-87.891,971.472
1686714891.580,14.648,937.012,89.355,20.020,971.476
1686714891.568,43.457,956.055,114.258,55.664,971.465
1686714891.572,1.953,953.613,-66.895,-31.738,971.469
1686714891.576,-37.598,826.172,-65.918,-81.055,971.473
1686714891.580,-14.160,740.723,135.254,0.977,971.477
1686714891.584,29.297,958.496,174.805,74.219,971.481
1686714891.588,13.672,925.781,-80.566,5.371,971.485
1686714891.591,-41.992,758.301,-45.898,-101.562,971.489
1686714891.595,-36.133,852.051,190.430,-55.176,971.493
1686714891.599,20.508,936.523,172.363,48.340,971.497
1686714891.603,21.973,-941.895,79.102,15.137,971.501
1686714891.607,-37.109,645.508,-129.883,-80.566,971.505
1686714891.611,-61.523,-147.949,-22.461,-63.477,971.508
1686714891.612,-0.488,694.336,257.324,40.527,971.521
1686714891.616,27.344,-918.945,94.727,42.480,971.525
1686714891.620,-21.973,698.242,-122.070,-72.266,971.529
1686714891.624,-49.805,838.867,55.176,-98.633,971.533
1686714891.628,-4.395,949.707,187.988,15.137,971.537
1686714891.632,35.156,-992.188,40.039,67.383,971.541
1686714891.635,0.000,335.449,-169.434,-31.250,971.545
1686714891.639,-41.016,82.520,87.402,-101.074,971.549
1686714891.643,-13.672,917.480,252.930,-23.438,971.552
1686714891.647,40.527,974.609,86.426,71.289,971.556
1686714891.651,16.602,879.395,75.684,12.207,971.560
1686714891.655,-39.062,971.680,114.746,-89.844,971.564
1686714891.657,-27.344,972.168,135.742,-46.387,971.567
1686714891.661,23.438,952.637,133.789,61.523,971.571
1686714891.665,27.832,945.801,77.148,43.457,971.575
1686714891.669,-17.578,939.941,102.539,-61.523,971.579
1686714891.673,-35.645,-993.164,109.375,-65.918,971.582
1686714891.677,-0.977,748.535,-10.742,38.574,971.586
1686714891.680,16.602,316.406,86.426,58.594,971.590
1686714891.684,-20.020,709.961,208.984,-48.828,971.594
1686714891.688,-48.340,-958.496,134.766,-92.773,971.598
1686714891.692,-16.113,800.293,9.766,11.230,971.602
1686714891.696,26.367,553.711,48.340,72.266,971.606
1686714891.700,-5.859,738.281,124.512,-20.508,971.610
1686714891.717,-56.152,963.867,99.609,-93.750,971.613
1686714891.721,-37.109,680.664,-40.039,-12.207,971.617
1686714891.725,7.324,659.180,137.207,73.730,971.621
1686714891.729,1.465,-972.168,148.926,22.949,971.625
1686714891.733,-47.363,880.859,-73.242,-70.312,971.629
1686714891.737,-53.223,473.145,-90.820,-41.016,971.633
1686714891.740,-7.324,686.523,128.418,61.035,971.637
1686714891.744,7.324,-955.078,154.297,42.480,971.640
1686714891.748,-34.668,828.125,-85.938,-70.312,971.644
1686714891.752,-60.547,13.184,-103.027,-67.871,971.648
1686714891.756,-12.695,346.191,221.680,44.434,971.652
1686714891.760,23.926,-919.922,205.078,67.871,971.656
1686714891.750,-12.695,855.957,-21.973,-42.969,971.657
1686714891.754,-46.387,712.402,46.387,-90.820,971.661
1686714891.758,-9.277,914.551,189.453,10.254,971.665
1686714891.762,42.480,998.047,125.000,73.730,971.669
1686714891.766,10.742,856.445,-45.898,-6.348,971.673
1686714891.770,-54.688,466.797,-93.262,-104.980,971.677
1686714891.773,-37.109,464.844,101.562,-39.062,971.681
1686714891.777,14.160,-984.375,168.945,61.523,971.685
1686714891.781,-4.395,656.250,-80.566,11.719,971.689
1686714891.785,-51.270,-6.348,31.738,-83.984,971.693
1686714891.789,-42.969,575.195,197.266,-62.988,971.696
1686714891.793,4.395,743.652,102.051,43.457,971.700
1686714891.807,17.090,414.062,18.555,41.992,971.703
1686714891.811,-20.508,561.523,79.102,-67.383,971.707
1686714891.815,-41.992,896.973,190.918,-79.102,971.711
1686714891.819,-5.859,-981.934,118.652,34.180,971.715
1686714891.823,14.648,332.520,-185.059,76.660,971.719
1686714891.827,-24.414,-404.297,-38.574,-27.832,971.723
1686714891.830,-54.199,375.000,267.090,-101.562,971.726
1686714891.834,-23.926,906.738,124.512,-1.953,971.730
1686714891.838,17.578,250.488,-93.262,73.730,971.734
1686714891.842,2.930,480.469,81.543,-13.184,971.738
1686714891.846,-48.340,983.887,144.531,-94.238,971.742
1686714891.850,-45.410,821.289,56.641,-41.016,971.746
1686714891.853,5.371,801.270,103.516,58.594,971.750
1686714891.857,14.160,903.320,82.031,26.367,971.754
1686714891.861,-36.621,647.461,-38.086,-79.102,971.758
1686714891.865,-51.270,373.047,20.996,-66.895,971.762
1686714891.869,-2.930,424.805,139.648,41.992,971.766
1686714891.873,11.230,536.133,55.176,36.621,971.769
1686714891.876,-24.414,568.848,-2.441,-64.941,971.773
1686714891.880,-53.711,408.203,-14.648,-81.055,971.777
1686714891.884,-18.066,-27.832,45.898,25.391,971.781
1686714891.888,27.832,705.078,216.309,61.523,971.785
1686714891.892,-11.719,971.680,16.113,-42.480,971.789
1686714891.896,-66.406,152.344,-111.328,-102.051,971.793
1686714891.897,-29.297,186.523,189.941,-10.742,971.793
1686714891.901,32.715,939.453,226.074,73.242,971.796
1686714891.905,4.883,915.039,9.277,-1.465,971.800
1686714891.909,-50.781,461.426,-100.586,-95.215,971.804
1686714891.913,-46.875,495.605,81.543,-52.246,971.808
1686714891.917,8.301,556.641,146.973,55.176,971.812
1686714891.920,20.508,505.371,-25.391,31.250,971.816
1686714891.924,-34.668,-212.891,-184.082,-81.543,971.820
1686714891.928,-48.340,-386.230,110.352,-76.172,971.824
1686714891.932,7.812,721.680,265.625,44.434,971.828
1686714891.936,32.715,905.762,26.855,61.035,971.832
1686714891.940,-12.695,530.762,32.715,-54.199,971.836
