,timestamps,TP9,AF7,AF8,TP10,Secondary Timestamp,emg_signal
0,1686190251.01,251.465,214.355,140.137,6.348,1090.907,320.5721994772681
1,1686190251.01,-20.996,309.082,121.094,-27.832,1090.911,326.7637691157243
2,1686190251.02,-282.227,-474.121,-261.23,-51.758,1090.915,326.47926207343323
3,1686190251.02,-53.711,-598.633,-227.051,-17.578,1090.919,323.0686647193382
4,1686190251.02,249.512,208.008,169.922,21.484,1090.923,322.8175259680514
5,1686190251.03,67.383,39.062,21.973,-5.371,1090.927,324.9134750927279
6,1686190251.03,-256.836,-629.883,-356.445,-40.527,1090.931,330.2995139582329
7,1686190251.04,-143.066,-972.168,-390.137,-11.719,1090.935,320.15827545584494
8,1686190251.04,219.238,-68.359,121.582,22.461,1090.939,326.46173367078126
9,1686190251.04,172.852,414.062,145.508,-7.812,1090.942,321.90797499337464
10,1686190251.05,-194.336,-128.418,-95.703,-55.664,1090.946,315.29970737846634
11,1686190251.05,-211.426,-98.633,11.719,-54.688,1090.95,322.9132622639187
12,1686190251.06,152.832,430.664,225.098,-9.766,1090.961,324.2524669016346
13,1686190251.06,220.215,371.094,103.027,-3.906,1090.965,316.99940498556333
14,1686190251.06,-135.742,-242.676,-140.625,-48.34,1090.969,320.4244181431339
15,1686190251.07,-269.043,-240.234,-35.645,-53.711,1090.973,321.8337100521553
16,1686190251.07,60.547,248.535,164.062,-7.324,1090.977,329.6191844778042
17,1686190251.08,254.395,223.633,105.469,15.137,1090.981,317.08982604104847
18,1686190251.08,-27.832,-683.105,-385.742,-8.301,1090.985,309.52599430608717
19,1686190251.08,-261.719,-721.191,-301.758,-33.691,1090.989,315.86124962985355
20,1686190251.09,-9.277,194.824,169.922,-10.742,1090.993,318.75244381217647
21,1686190251.09,253.906,249.023,96.191,8.301,1090.996,317.58099523937926
22,1686190251.09,74.707,48.828,35.645,-18.555,1091.0,322.9296509077408
23,1686190251.1,-242.188,11.23,14.648,-58.105,1091.004,317.79480649921766
24,1686190251.11,-145.996,108.887,69.824,-44.434,1091.009,315.2926244781522
25,1686190251.12,198.242,148.926,79.102,3.906,1091.012,323.54755833116104
26,1686190251.12,166.504,-138.184,-20.996,-5.371,1091.016,328.8765482070207
27,1686190251.12,-145.996,-173.34,-22.949,-45.41,1091.02,319.31773596740015
28,1686190251.13,-172.363,-27.344,14.16,-35.156,1091.024,315.94876736154475
29,1686190251.13,137.695,-362.305,-116.211,20.508,1091.028,317.00862733133005
30,1686190251.14,221.191,-961.914,-344.238,39.551,1091.032,323.9219696233272
31,1686190251.14,-89.355,-433.594,-76.172,-16.113,1091.036,322.3968616693224
32,1686190251.14,-247.559,88.379,61.035,-42.969,1091.04,321.4181568799181
33,1686190251.15,32.227,-19.043,92.773,-4.395,1091.044,322.56470525358134
34,1686190251.15,272.461,312.5,222.168,20.02,1091.048,321.73173542109635
35,1686190251.16,38.086,453.125,155.273,-19.043,1091.051,323.9435357048682
36,1686190251.16,-260.254,83.496,7.812,-57.129,1091.054,320.39296134722156
37,1686190251.16,-81.543,-83.496,8.301,-19.531,1091.058,314.54514327609354
38,1686190251.16,241.699,285.156,153.809,16.602,1091.062,314.91438992287317
39,1686190251.17,128.418,459.473,186.523,-13.672,1091.065,316.4222191681516
40,1686190251.17,-215.332,18.066,-49.805,-50.781,1091.069,313.4194257425555
41,1686190251.18,-174.805,-437.5,-248.535,-39.062,1091.073,319.29925638652713
42,1686190251.18,185.547,-64.941,45.41,1.953,1091.077,306.5426913460301
43,1686190251.18,201.66,229.004,129.395,7.324,1091.081,316.08974085119286
44,1686190251.19,-156.738,-267.09,-252.441,-34.18,1091.085,319.2402986223682
45,1686190251.19,-255.371,-926.758,-477.539,-39.551,1091.089,321.31252875004515
46,1686190251.2,93.262,-338.379,-9.277,-9.277,1091.093,316.82775093761956
47,1686190251.2,259.766,499.512,232.91,-4.883,1091.097,312.6766026117527
48,1686190251.2,-61.523,2.441,-75.195,-43.457,1091.098,323.1773585617104
49,1686190251.21,-270.508,-265.137,-114.258,-62.5,1091.102,315.2434018217983
50,1686190251.21,0.977,-80.566,69.336,-15.625,1091.106,320.6665321706417
51,1686190251.21,258.789,296.387,223.145,12.207,1091.11,321.7994416504106
52,1686190251.22,38.086,-138.672,-104.98,-18.066,1091.114,320.02869721751546
53,1686190251.22,-275.391,-931.641,-437.012,-50.293,1091.118,316.29212178348166
54,1686190251.23,-102.051,-310.059,-48.34,-32.715,1091.122,317.7354883220165
55,1686190251.23,247.07,468.75,239.746,3.418,1091.126,317.67265941235024
56,1686190251.23,146.973,-187.5,-121.582,-9.766,1091.13,316.68135451151767
57,1686190251.24,-221.191,-784.668,-377.441,-58.594,1091.134,327.4907808747145
58,1686190251.24,-193.359,-238.77,-68.848,-46.875,1091.138,324.01372194978495
59,1686190251.24,152.832,20.508,93.262,-0.977,1091.141,316.13835680092717
60,1686190251.25,198.73,4.395,21.484,-11.719,1091.149,316.45572400406166
61,1686190251.25,-128.418,-60.059,-31.25,-55.176,1091.153,324.75838185208846
62,1686190251.26,-240.234,79.59,63.477,-58.594,1091.157,319.75937310414605
63,1686190251.26,79.102,173.34,136.23,-11.719,1091.161,320.7213278983546
64,1686190251.27,250.0,118.652,103.027,3.418,1091.165,313.7717159432936
65,1686190251.27,-41.992,-132.812,-52.734,-48.828,1091.169,313.3268867340199
66,1686190251.27,-278.809,-240.723,-145.508,-76.66,1091.173,322.4804832722211
67,1686190251.28,-21.973,-76.172,-24.902,-23.438,1091.177,324.8187280973307
68,1686190251.28,244.629,-346.191,-69.336,8.301,1091.181,323.23945842712095
69,1686190251.28,51.27,-75.195,37.598,-39.062,1091.184,323.321555471367
70,1686190251.29,-260.742,194.336,61.035,-80.078,1091.188,327.7508929321584
71,1686190251.29,-141.113,-81.055,-40.527,-46.875,1091.192,312.0616244052666
72,1686190251.29,186.523,-39.062,38.574,-5.371,1091.192,314.6566266547164
73,1686190251.3,119.629,164.062,116.699,-27.832,1091.196,318.72059001903546
74,1686190251.3,-223.145,-155.762,-132.324,-71.777,1091.199,319.6564952222487
75,1686190251.3,-230.469,-566.895,-277.344,-60.059,1091.203,315.60215695993617
76,1686190251.31,121.582,-204.102,10.254,-15.137,1091.207,311.0167779640283
77,1686190251.31,217.285,99.121,125.488,-0.488,1091.211,326.884386803154
78,1686190251.32,-108.887,-163.086,-75.684,-42.48,1091.215,321.08095825584866
79,1686190251.32,-286.133,-610.352,-325.195,-72.754,1091.219,319.30085885602483
80,1686190251.32,-13.184,-1000.0,-382.324,-25.879,1091.223,318.4654447682058
81,1686190251.33,213.867,-365.723,13.672,-8.789,1091.227,318.7931984652507
82,1686190251.33,-7.812,278.32,103.516,-54.688,1091.231,314.70391807002875
83,1686190251.34,-273.926,-77.148,-85.938,-86.914,1091.235,311.1945492004322
84,1686190251.34,-64.453,152.832,116.699,-51.27,1091.234,315.27160856443965
85,1686190251.34,240.723,623.047,286.133,-10.742,1091.238,314.64350038764746
86,1686190251.34,73.242,356.934,78.613,-30.273,1091.242,319.85081405360046
87,1686190251.35,-261.23,-291.016,-183.105,-70.801,1091.246,311.90784067988096
88,1686190251.35,-164.551,-123.535,16.113,-51.27,1091.25,314.63560030429824
89,1686190251.36,181.152,182.617,151.367,-2.93,1091.254,311.26081682210423
90,1686190251.36,164.062,14.16,27.344,-11.719,1091.258,323.07417404151835
91,1686190251.36,-199.707,-748.047,-384.277,-42.48,1091.261,323.02681061527505
92,1686190251.37,-247.559,-629.395,-213.379,-51.27,1091.265,327.1384869280956
93,1686190251.37,121.094,387.207,268.555,-15.625,1091.269,317.5851725369267
94,1686190251.38,230.469,295.898,79.102,8.301,1091.273,318.33908864733957
95,1686190251.38,-92.285,-74.707,-57.617,-41.504,1091.277,313.01502582437024
96,1686190251.38,-269.043,-1.465,25.879,-62.988,1091.293,321.49422724946913
97,1686190251.39,29.297,318.848,173.828,-7.812,1091.297,321.14499687288503
98,1686190251.39,245.605,-88.867,-58.105,20.996,1091.301,315.39300585067883
99,1686190251.39,-23.438,-514.16,-225.098,-26.367,1091.305,320.10952066698366
100,1686190251.4,-251.953,-100.098,-11.719,-54.688,1091.308,318.072923609247
101,1686190251.4,-44.434,-26.855,12.207,-10.254,1091.312,314.58373287422046
102,1686190251.41,204.59,-354.492,-107.91,20.02,1091.316,315.3331233924088
103,1686190251.41,75.195,-762.207,-283.691,-5.371,1091.32,309.7712337920139
104,1686190251.41,-226.562,-164.062,14.648,-60.547,1091.324,317.42841601382736
105,1686190251.42,-162.109,156.25,85.449,-44.434,1091.328,319.76516736221777
106,1686190251.42,178.223,155.273,116.211,0.977,1091.332,320.08120184549443
107,1686190251.42,191.895,344.238,167.969,-14.648,1091.336,320.83092418117917
108,1686190251.43,-145.02,256.348,69.336,-50.781,1091.326,316.01776892648587
109,1686190251.43,-232.422,-6.836,-20.996,-41.992,1091.329,317.7335906222956
110,1686190251.44,103.516,-6.348,20.02,1.465,1091.333,316.59491354138663
111,1686190251.44,264.16,329.59,172.363,4.395,1091.337,318.26386005509823
112,1686190251.44,-32.715,151.855,-32.715,-34.668,1091.341,318.3560385099939
113,1686190251.45,-247.07,-417.969,-318.359,-48.828,1091.345,321.6353391965662
114,1686190251.45,-3.418,-633.301,-212.402,-19.531,1091.349,320.7546629023338
115,1686190251.46,258.301,-35.645,100.586,2.93,1091.353,317.9714714191877
116,1686190251.46,43.945,157.715,57.129,-19.043,1091.357,314.16365203694096
117,1686190251.46,-272.949,-414.062,-307.617,-42.48,1091.361,315.5186719011066
118,1686190251.47,-118.164,-786.621,-328.613,-9.766,1091.365,317.12625457142093
119,1686190251.47,227.051,-106.445,125.0,26.855,1091.368,316.1740980646538
120,1686190251.47,153.32,504.395,203.613,-1.953,1091.397,314.5253258629713
121,1686190251.48,-200.684,-130.859,-138.184,-48.828,1091.401,321.55639793136555
122,1686190251.48,-191.406,-514.648,-207.031,-39.062,1091.405,315.91702563986985
123,1686190251.48,178.711,162.109,122.559,11.23,1091.409,311.0874331585966
124,1686190251.49,234.375,521.973,217.285,13.184,1091.413,317.5833002896543
125,1686190251.49,-123.047,-366.211,-257.812,-29.297,1091.417,319.84829807345045
126,1686190251.5,-267.09,-1000.0,-458.496,-48.34,1091.421,317.9493401049605
127,1686190251.5,77.148,-70.801,117.188,-15.625,1091.425,320.2975030376836
128,1686190251.5,268.066,498.047,198.242,6.348,1091.429,313.9640703904121
129,1686190251.51,-34.18,63.965,-48.828,-41.016,1091.432,317.0377475981684
130,1686190251.51,-270.02,-185.547,-125.0,-58.594,1091.436,326.10391799270536
131,1686190251.52,-34.668,-25.391,78.125,-22.949,1091.44,318.60264803637233
132,1686190251.53,240.723,345.215,176.758,-8.301,1091.429,309.9650550439255
133,1686190251.54,44.922,-141.113,-88.867,-38.574,1091.433,325.45068394684375
134,1686190251.54,-274.902,-379.395,-95.215,-76.66,1091.437,312.06932312590766
135,1686190251.54,-138.184,138.672,109.863,-55.176,1091.441,314.463265659995
136,1686190251.55,204.102,307.617,134.277,-4.883,1091.445,319.2578288723272
137,1686190251.55,136.23,-103.516,-48.34,-12.207,1091.449,319.3454477100041
138,1686190251.56,-211.426,-279.297,-61.035,-56.152,1091.453,312.4647229031994
139,1686190251.56,-213.379,98.145,78.613,-45.898,1091.457,313.3213744617762
140,1686190251.56,126.953,117.188,37.598,-0.488,1091.461,323.61867843972266
141,1686190251.57,209.473,-226.562,-33.691,4.883,1091.465,319.51124414106056
142,1686190251.57,-106.934,-50.293,57.617,-37.109,1091.468,316.83102040755057
143,1686190251.58,-260.742,106.445,55.176,-52.246,1091.472,312.828124856781
144,1686190251.59,38.086,-101.562,-12.207,-12.695,1091.492,313.72833717846606
145,1686190251.6,235.352,-151.855,11.719,1.465,1091.496,315.31569722158684
146,1686190251.6,-28.809,-217.285,-73.73,-48.34,1091.5,316.9181973346056
147,1686190251.6,-284.18,-327.637,-232.422,-75.684,1091.504,329.50296463272315
148,1686190251.61,-62.988,-469.238,-249.512,-27.344,1091.508,322.2751803911351
149,1686190251.61,229.492,-810.547,-265.625,19.531,1091.512,313.6322173501777
150,1686190251.62,78.613,-302.734,-21.484,-19.043,1091.516,314.52666113658375
151,1686190251.62,-237.793,214.844,115.723,-62.012,1091.52,318.2577852227222
152,1686190251.62,-243.652,-99.609,-31.738,-57.129,1091.519,323.1089228388233
153,1686190251.62,-167.48,-482.91,-175.781,-25.879,1091.524,320.71589012352064
154,1686190251.63,97.656,285.156,166.016,-17.578,1091.523,321.23231808920315
155,1686190251.63,170.898,-594.727,-119.629,9.277,1091.528,317.7619451510233
156,1686190251.63,222.656,613.281,229.004,-7.324,1091.526,319.7660104035794
157,1686190251.63,180.664,393.066,230.957,-14.16,1091.532,311.59354018243664
158,1686190251.63,-85.938,168.945,-4.883,-32.227,1091.53,324.4054995270129
159,1686190251.64,-170.898,247.07,20.996,-55.176,1091.535,319.2224290722464
160,1686190251.64,-277.344,-375.0,-246.094,-55.176,1091.534,315.38856714394086
161,1686190251.64,-2.441,-236.816,-67.383,-40.527,1091.538,316.53305001767137
162,1686190251.65,240.723,222.656,194.336,-10.742,1091.542,319.2473156154866
163,1686190251.65,7.812,99.609,8.301,-45.41,1091.546,321.35893476691473
164,1686190251.65,-282.715,-351.562,-225.586,-79.59,1091.55,315.56186725862136
165,1686190251.66,-91.797,53.223,85.938,-42.48,1091.554,316.120844990235
166,1686190251.66,231.445,343.75,183.105,-1.953,1091.558,314.8359594820416
167,1686190251.66,102.539,-102.539,-110.84,-27.344,1091.562,317.775463983658
168,1686190251.67,-259.766,-910.645,-517.09,-52.734,1091.563,316.11473314030167
169,1686190251.67,-198.73,-538.086,-193.359,-33.691,1091.567,310.0960338120474
170,1686190251.68,179.199,241.211,215.332,2.93,1091.571,319.72852907606875
171,1686190251.68,189.941,-224.609,-93.75,3.906,1091.575,318.00124697267086
172,1686190251.68,-153.809,-600.586,-260.742,-49.316,1091.579,319.1595020007779
173,1686190251.69,-226.562,-331.543,-95.703,-63.477,1091.583,321.4823108762284
174,1686190251.69,115.234,7.812,87.402,-15.625,1091.587,325.78008944778094
175,1686190251.69,261.23,-261.719,-73.242,6.348,1091.591,312.89102662645325
176,1686190251.7,-65.43,-788.086,-312.5,-34.668,1091.595,322.56458752987123
177,1686190251.7,-275.879,-131.348,38.086,-62.5,1091.598,317.5144030541511
178,1686190251.71,5.859,268.066,148.438,-12.695,1091.602,319.22185576347556
179,1686190251.71,264.16,254.395,143.555,21.973,1091.606,318.72021336266323
180,1686190251.71,52.246,320.312,130.859,-9.277,1091.61,322.2645983494801
181,1686190251.72,-239.746,230.469,64.453,-39.551,1091.614,311.48467970004964
182,1686190251.72,-87.402,117.676,55.664,-18.066,1091.617,322.94695466900805
183,1686190251.72,239.746,141.602,79.59,21.973,1091.621,309.5399221124782
184,1686190251.73,147.461,241.699,104.98,0.0,1091.625,326.0773625621188
185,1686190251.73,-220.703,-115.234,-90.332,-62.012,1091.629,312.3940118399018
186,1686190251.74,-210.449,-356.445,-221.191,-44.922,1091.633,310.2339704981152
187,1686190251.74,134.766,-475.586,-147.461,19.043,1091.637,313.0894840487683
188,1686190251.74,192.383,-89.844,82.52,5.859,1091.641,319.1931868017579
189,1686190251.75,-141.602,45.898,-0.488,-50.781,1091.645,312.1967252085332
190,1686190251.75,-269.531,-514.648,-337.891,-47.363,1091.649,323.7980291252252
191,1686190251.76,59.082,-334.473,-129.395,-3.906,1091.653,316.9116904040049
192,1686190251.76,251.953,367.188,220.215,4.883,1091.654,324.4481776373801
193,1686190251.76,-21.484,360.352,97.168,-41.016,1091.657,322.112659505382
194,1686190251.76,-266.113,-470.703,-247.07,-55.176,1091.661,319.6204538647762
195,1686190251.77,-36.133,-458.496,-143.066,-3.906,1091.665,308.3446962975482
196,1686190251.77,250.0,439.941,226.562,14.16,1091.669,314.48100781461466
197,1686190251.78,62.988,242.188,67.383,-21.484,1091.673,316.7277231241217
198,1686190251.78,-272.949,-662.598,-366.211,-53.223,1091.677,319.6075764365208
199,1686190251.78,-150.391,-717.773,-240.234,-27.832,1091.681,314.13843750963343
200,1686190251.79,217.773,295.898,242.188,9.766,1091.685,316.4267903650761
201,1686190251.79,160.645,464.844,145.996,-9.277,1091.689,315.69344317317234
202,1686190251.8,-188.965,-16.602,-89.844,-55.176,1091.693,319.33901838910384
203,1686190251.8,-206.055,-186.035,-121.094,-41.504,1091.696,317.0933514323445
204,1686190251.8,139.16,152.344,137.207,11.23,1091.706,315.5589660864997
205,1686190251.81,234.375,411.133,162.109,9.277,1091.709,319.66109782384854
206,1686190251.81,-115.723,-172.363,-120.117,-41.016,1091.713,317.46235835497436
207,1686190251.82,-263.672,-260.254,-72.266,-45.898,1091.717,319.9631445250786
208,1686190251.82,50.781,220.703,145.508,3.906,1091.721,314.9407088944788
209,1686190251.82,246.582,134.766,56.152,16.113,1091.725,313.79662786526995
210,1686190251.83,-33.691,-539.062,-213.867,-30.273,1091.729,307.171846776097
211,1686190251.83,-287.109,-432.129,-56.152,-58.594,1091.733,315.9443584826016
212,1686190251.84,-40.039,244.141,152.832,-22.949,1091.737,322.3698328653049
213,1686190251.84,266.602,233.398,83.008,24.414,1091.741,315.66508829162046
214,1686190251.84,90.332,71.777,23.926,-17.578,1091.745,315.3801368505164
215,1686190251.85,-268.066,90.332,30.273,-83.496,1091.748,313.6582023523257
216,1686190251.86,-191.895,181.152,98.633,-66.406,1091.76,321.4457849085304
217,1686190251.87,152.832,166.016,90.82,-18.066,1091.764,320.58523503204304
218,1686190251.87,137.207,-93.262,-57.617,-37.109,1091.768,322.67313932409553
219,1686190251.87,-220.215,-343.262,-209.961,-93.75,1091.771,322.65162733300053
220,1686190251.88,-279.785,-375.488,-198.242,-78.613,1091.775,316.9127992775442
221,1686190251.88,74.219,-414.551,-132.324,-14.16,1091.779,318.48459266977875
222,1686190251.89,169.922,-975.098,-412.598,4.883,1091.783,318.481179231573
223,1686190251.89,-133.789,-717.773,-261.719,-38.086,1091.787,312.6001903457839
224,1686190251.89,-280.273,-48.828,47.363,-55.664,1091.791,328.8036267716596
225,1686190251.9,12.207,64.453,108.398,-5.859,1091.795,321.6791748642866
226,1686190251.9,249.023,396.973,214.355,32.227,1091.799,316.42655829896273
227,1686190251.9,2.441,428.223,126.465,-0.488,1091.803,313.0226348184591
228,1686190251.91,-284.668,19.043,-54.199,-29.297,1091.81,317.92807844955377
229,1686190251.91,-90.82,-71.289,-15.625,-2.441,1091.814,316.98663772108574
230,1686190251.92,239.746,328.613,181.641,24.414,1091.818,317.25257188074823
231,1686190251.92,124.023,447.754,154.297,6.348,1091.822,319.99125246138397
232,1686190251.92,-226.074,-24.414,-109.863,-30.762,1091.826,319.44385543687855
233,1686190251.93,-191.406,-456.543,-219.238,-13.184,1091.83,319.33045179042176
234,1686190251.93,163.574,-208.496,11.719,28.32,1091.834,330.12981015214297
235,1686190251.93,202.637,228.516,177.734,21.973,1091.838,322.7461924728409
236,1686190251.94,-135.742,-31.738,-117.676,-18.066,1091.842,326.03714303348175
237,1686190251.94,-255.859,-795.898,-399.414,-28.32,1091.846,319.6876332598532
238,1686190251.95,85.449,-174.805,86.914,11.719,1091.85,320.0779456193999
239,1686190251.95,260.254,568.359,245.605,30.273,1091.853,326.8619474110176
240,1686190251.95,-59.57,67.383,-33.203,-19.043,1091.848,317.06292679922836
241,1686190251.96,-277.344,-247.559,-123.535,-42.48,1091.852,316.5281464627636
242,1686190251.96,-5.371,-89.844,-7.812,13.672,1091.856,324.766735388446
243,1686190251.96,258.301,92.773,93.262,53.223,1091.86,314.1394898243223
244,1686190251.97,43.457,-316.895,-157.715,24.902,1091.864,323.9864651196081
245,1686190251.97,-274.414,-870.117,-383.301,-23.926,1091.868,319.0366506518798
246,1686190251.98,-117.676,-287.598,-9.766,1.953,1091.872,319.5517671491183
247,1686190251.98,233.887,316.895,210.449,52.734,1091.876,323.7001391694918
248,1686190251.98,138.672,-315.918,-157.227,28.32,1091.879,317.0109122585575
249,1686190251.99,-228.516,-878.906,-378.906,-22.461,1091.883,323.3664886883316
250,1686190251.99,-196.777,-68.359,88.867,-21.484,1091.887,322.7476305554357
251,1686190252.0,164.062,359.375,194.824,32.715,1091.891,319.70271994459927
252,1686190252.0,213.867,222.168,125.0,32.227,1091.894,323.15017153038195
253,1686190252.0,-127.441,135.254,98.633,-22.461,1091.897,317.7943812908851
254,1686190252.0,-255.371,117.188,72.754,-27.344,1091.901,318.4135555741546
255,1686190252.01,70.312,218.262,121.094,10.254,1091.905,321.2550424212206
256,1686190252.01,222.168,121.094,74.219,15.137,1091.909,317.4297474248529
257,1686190252.02,-78.125,-257.812,-134.277,-28.809,1091.913,316.80885794250946
258,1686190252.02,-270.508,-269.531,-184.082,-56.152,1091.917,319.0617900731031
259,1686190252.02,-20.508,-21.973,-2.441,-15.625,1091.921,324.4110079807878
260,1686190252.03,240.723,-341.797,-64.453,24.414,1091.925,320.0919794595637
261,1686190252.03,77.148,-159.18,17.578,-11.719,1091.929,317.64491031268574
262,1686190252.04,-216.797,-72.266,-52.734,-43.945,1091.933,319.8315290426477
263,1686190252.04,-111.816,-474.121,-259.277,-4.395,1091.936,325.47783653499687
264,1686190252.04,228.516,-232.422,-84.961,41.992,1091.938,316.37998316559685
265,1686190252.05,183.594,331.543,177.246,19.043,1091.942,317.88689626375754
266,1686190252.05,-177.734,27.344,-23.926,-23.926,1091.946,318.5558313119288
267,1686190252.05,-212.402,-642.578,-325.684,-19.043,1091.95,315.6332185926482
268,1686190252.06,139.16,-436.035,-112.793,24.414,1091.954,316.5206639337788
269,1686190252.06,229.004,114.746,155.762,22.949,1091.958,319.66434027992364
270,1686190252.07,-109.863,-78.125,-59.57,-30.273,1091.962,325.05947458372987
271,1686190252.07,-270.508,-685.059,-344.238,-37.598,1091.966,316.51999877508666
272,1686190252.07,41.504,-586.914,-144.043,8.301,1091.969,314.684907712403
273,1686190252.08,270.508,447.266,277.832,20.02,1091.973,316.20435219162334
274,1686190252.08,5.371,298.828,57.129,-19.531,1091.977,315.9080364080458
275,1686190252.08,-275.879,-177.246,-166.016,-60.059,1091.981,322.4435426510279
276,1686190252.1,-69.824,-63.477,-14.648,-28.32,1092.004,316.6425031425702
277,1686190252.11,233.887,273.926,175.781,9.277,1092.007,317.8184324667899
278,1686190252.11,91.797,314.941,72.266,-13.184,1092.011,320.41649579889724
279,1686190252.12,-250.977,-285.645,-169.434,-55.176,1092.015,313.98089720750784
280,1686190252.12,-176.27,-244.141,-34.18,-58.105,1092.019,306.77688735206823
281,1686190252.12,178.223,131.348,131.348,-16.113,1092.023,316.3936508487926
282,1686190252.13,159.668,27.344,19.531,-15.625,1092.027,309.4720093913403
283,1686190252.13,-201.66,-591.797,-246.094,-48.828,1092.031,315.2312695119017
284,1686190252.13,-282.227,37.109,18.066,-56.641,1092.043,314.5430038984797
285,1686190252.14,-257.324,-334.961,-20.996,-52.734,1092.035,320.78437932290825
286,1686190252.14,7.324,356.445,164.062,-16.602,1092.047,318.65503895558584
287,1686190252.14,104.492,416.992,209.473,-17.09,1092.039,311.03548926806724
288,1686190252.14,237.305,-7.324,-15.137,14.648,1092.051,318.61622172145275
289,1686190252.14,222.168,226.562,40.527,0.488,1092.043,313.05105660622075
290,1686190252.14,-7.324,-683.105,-345.215,-19.531,1092.055,318.8562750154089
291,1686190252.15,-101.074,-57.129,-35.156,-36.621,1092.047,320.01393476497645
292,1686190252.15,-284.668,-310.059,-125.488,-58.105,1092.059,318.4141718228277
293,1686190252.15,-94.727,-106.934,-0.488,-16.113,1092.063,318.2486349762168
294,1686190252.16,225.586,-214.844,7.812,24.902,1092.067,321.0704152727311
295,1686190252.16,108.398,-21.973,51.758,-5.371,1092.07,314.6440921290673
296,1686190252.16,-231.445,74.707,30.273,-52.246,1092.074,309.76081628588196
297,1686190252.17,-178.223,199.707,101.562,-47.852,1092.078,321.5687752689843
298,1686190252.17,164.062,-257.324,-116.211,9.766,1092.082,314.38980207188365
299,1686190252.18,174.316,-801.27,-276.855,12.207,1092.086,317.0673407282645
300,1686190252.19,-135.742,-150.391,29.297,-48.34,1092.091,316.83551788193756
301,1686190252.2,-211.914,-13.672,-3.418,-52.246,1092.095,321.7023117237193
302,1686190252.2,106.934,-13.184,41.016,-7.324,1092.099,315.4889142785272
303,1686190252.2,256.348,391.113,216.309,1.465,1092.103,325.77415332490193
304,1686190252.21,-43.457,216.309,16.113,-41.016,1092.106,320.5681143506383
305,1686190252.21,-278.809,-369.141,-269.043,-62.012,1092.11,321.69164810186106
306,1686190252.22,-30.762,-619.141,-239.258,-24.902,1092.114,320.6116507054849
307,1686190252.22,250.0,-126.953,41.504,-1.953,1092.118,317.69048000223
308,1686190252.22,61.035,380.371,193.848,-32.227,1092.122,315.1459879139435
309,1686190252.23,-254.883,-53.711,-100.098,-68.359,1092.126,322.14903371765445
310,1686190252.23,-144.531,-762.207,-312.5,-44.922,1092.13,325.65623086138726
311,1686190252.24,195.801,-70.312,135.742,-0.977,1092.134,319.54443509473083
312,1686190252.24,138.184,533.203,207.52,-12.207,1092.133,319.3818921177584
313,1686190252.24,-228.027,-79.59,-98.145,-51.758,1092.137,328.3522975887659
314,1686190252.24,-237.793,-490.234,-207.031,-48.34,1092.141,324.71401447235814
315,1686190252.25,124.023,2.441,62.012,5.859,1092.145,324.4183928798529
316,1686190252.25,202.148,462.891,177.734,15.137,1092.149,331.97008180106144
317,1686190252.26,-151.367,-291.016,-161.621,-34.668,1092.153,329.37787793452105
318,1686190252.26,-290.039,-580.566,-131.836,-48.828,1092.157,317.7673341148811
319,1686190252.26,59.082,175.293,137.695,6.348,1092.161,330.65401339218073
320,1686190252.27,257.324,330.078,137.207,26.855,1092.165,336.14847961916684
321,1686190252.27,-53.223,-388.672,-203.125,-27.832,1092.169,324.21652294792443
322,1686190252.28,-323.242,-1000.0,-532.227,-58.105,1092.173,329.9752785417362
323,1686190252.28,-63.965,-356.445,-72.754,-26.855,1092.176,335.5002191231905
324,1686190252.28,243.164,395.02,192.871,4.395,1092.181,327.76270992076996
325,1686190252.29,55.664,125.0,41.992,-23.926,1092.185,340.8674337655272
326,1686190252.29,-257.812,46.875,55.176,-62.5,1092.189,328.44105433965404
327,1686190252.3,-123.535,271.973,126.465,-41.016,1092.193,334.84037644298576
328,1686190252.3,219.727,309.082,140.625,-2.441,1092.196,331.47408845665876
329,1686190252.3,157.715,-154.297,-28.32,-10.742,1092.2,338.73791692920645
330,1686190252.31,-191.895,-288.574,-136.719,-62.012,1092.204,342.01921804696866
331,1686190252.31,-210.938,103.027,40.527,-63.477,1092.208,336.0151373471386
332,1686190252.32,130.371,201.172,77.148,1.953,1092.212,343.0756663473197
333,1686190252.32,192.871,-325.684,-101.074,13.672,1092.216,337.16315413945057
334,1686190252.32,-126.953,-255.371,-54.199,-35.645,1092.22,347.5951310361767
335,1686190252.33,-274.414,-129.395,-110.352,-49.316,1092.224,344.8504816043378
336,1686190252.33,31.25,-342.773,-163.086,-4.883,1092.223,340.7433844456097
337,1686190252.33,263.184,-149.414,-41.504,20.02,1092.227,344.50872830640714
338,1686190252.34,3.906,-62.988,-43.945,-19.043,1092.231,350.67985722797596
339,1686190252.34,-278.32,-198.242,-102.539,-55.664,1092.235,347.32534240247395
340,1686190252.34,-85.938,-226.562,-11.719,-28.32,1092.239,344.23700268034906
341,1686190252.35,207.52,-265.625,-25.879,8.301,1092.243,346.9296355406603
342,1686190252.35,80.078,31.738,76.66,-11.23,1092.247,353.1794415663135
343,1686190252.35,-238.77,188.477,97.656,-51.27,1092.251,352.6195596102822
344,1686190252.36,-183.105,-454.59,-196.289,-39.062,1092.255,354.7147135801728
345,1686190252.36,148.926,-869.141,-264.648,10.742,1092.259,355.9196608522394
346,1686190252.37,172.363,55.176,127.93,8.301,1092.262,352.710690441587
347,1686190252.37,-164.551,259.766,58.105,-46.875,1092.266,352.9082459391941
348,1686190252.37,-241.211,-70.801,-61.523,-52.246,1092.272,357.21194776923505
349,1686190252.38,103.516,83.496,101.074,12.695,1092.276,350.3287832568857
350,1686190252.38,237.305,339.355,183.594,25.391,1092.28,352.40531677377976
351,1686190252.38,-70.312,216.797,28.32,-26.367,1092.284,353.74500047983497
352,1686190252.39,-267.09,-350.586,-218.262,-43.945,1092.288,357.93216410642316
353,1686190252.39,4.395,-348.633,-95.215,-7.812,1092.291,353.6540592913317
354,1686190252.4,243.164,235.352,185.059,3.906,1092.295,361.76467279993176
355,1686190252.4,20.996,232.91,17.09,-23.438,1092.299,350.17692722680255
356,1686190252.4,-272.949,-622.07,-294.922,-44.922,1092.303,361.9023664953983
357,1686190252.41,-90.332,-228.516,65.43,-38.574,1092.307,348.7430460833812
358,1686190252.41,240.234,562.988,251.465,-8.789,1092.311,353.16452616223404
359,1686190252.42,120.117,210.449,14.648,-28.32,1092.315,351.9443887299279
360,1686190252.43,-223.633,-111.328,-69.824,-74.707,1092.329,349.5248498282068
361,1686190252.44,-177.734,86.426,51.27,-49.805,1092.332,353.64069162460225
362,1686190252.44,169.922,222.168,126.953,0.977,1092.336,351.2992903927426
363,1686190252.44,171.875,-229.004,-99.121,-2.441,1092.34,356.45289942726237
364,1686190252.45,-177.734,-790.039,-359.375,-50.293,1092.344,361.36591441752455
365,1686190252.45,-260.742,-519.043,-228.027,-57.617,1092.348,362.14174558596886
366,1686190252.46,83.984,35.645,62.5,-2.441,1092.352,358.07486092293374
367,1686190252.46,241.699,-204.59,-67.383,16.113,1092.356,351.3172373473736
368,1686190252.46,-64.941,-815.918,-341.797,-27.344,1092.36,355.02343062157234
369,1686190252.46,47.363,312.012,111.328,-29.785,1092.36,358.67458977380807
370,1686190252.47,-249.023,188.477,17.09,-63.965,1092.363,350.93745249129347
371,1686190252.47,-263.184,-178.711,-0.977,-60.059,1092.364,350.17103319599954
372,1686190252.47,-107.422,105.469,37.109,-19.531,1092.367,347.91384657703503
373,1686190252.47,-0.488,339.844,149.902,-17.578,1092.368,351.09684886530596
374,1686190252.48,249.512,329.102,161.621,13.184,1092.372,360.5823124424293
375,1686190252.48,220.215,221.68,126.465,20.02,1092.371,361.09003047954906
376,1686190252.48,148.438,356.934,150.879,-4.883,1092.375,355.1541756695032
377,1686190252.48,-177.734,-41.016,-98.145,-40.039,1092.379,355.79645458632916
378,1686190252.49,-181.641,-455.566,-266.113,-34.668,1092.383,349.0370245718442
379,1686190252.49,140.137,-262.207,-66.406,-4.395,1092.387,356.0837597679607
380,1686190252.49,215.82,240.234,141.113,-9.766,1092.391,351.5402075078063
381,1686190252.5,-117.676,271.484,93.262,-53.223,1092.395,359.446120189459
382,1686190252.5,-260.742,-224.609,-192.871,-59.082,1092.399,354.2133705945601
383,1686190252.51,22.949,-882.812,-424.316,-17.578,1092.403,350.94095368425894
384,1686190252.51,223.145,-273.438,8.301,-2.441,1092.403,350.7576315897196
385,1686190252.51,-23.438,351.074,141.602,-38.086,1092.407,349.2870174702054
386,1686190252.52,-292.48,-475.098,-278.32,-64.941,1092.411,345.9621148005332
387,1686190252.52,-61.035,-500.488,-188.965,-37.109,1092.415,353.1283150928118
388,1686190252.52,248.535,360.352,190.43,-8.789,1092.419,354.7967810288814
389,1686190252.53,76.66,187.988,33.203,-27.832,1092.423,349.2734007208462
390,1686190252.53,-263.672,-632.812,-379.395,-57.129,1092.427,346.49119162365145
391,1686190252.53,-166.016,-708.496,-230.957,-35.645,1092.431,354.9072444713828
392,1686190252.54,205.078,249.023,238.77,2.441,1092.435,347.09693409815605
393,1686190252.54,158.691,273.438,48.828,-7.812,1092.439,353.97841764574787
394,1686190252.55,-211.914,-414.551,-198.242,-51.27,1092.442,356.28099546035367
395,1686190252.55,-230.469,-289.551,-21.484,-49.805,1092.446,351.52475829547046
396,1686190252.55,126.465,428.223,228.027,-10.254,1092.452,357.89845345799745
397,1686190252.56,219.238,433.594,113.281,-3.906,1092.456,348.5724672982805
398,1686190252.56,-112.305,-33.203,-55.664,-44.434,1092.46,360.1282299848072
399,1686190252.57,-276.367,-39.551,12.207,-64.453,1092.463,353.15988552486283
400,1686190252.57,30.762,323.242,127.93,-28.809,1092.467,356.88218351821547
401,1686190252.57,243.164,242.188,61.035,-2.441,1092.471,351.26459361881626
402,1686190252.58,-35.156,-523.926,-230.469,-34.668,1092.475,350.6656419383161
403,1686190252.58,-290.527,-443.848,-96.68,-71.289,1092.479,348.3943576283967
404,1686190252.58,-47.363,286.133,152.832,-42.48,1092.483,356.51050407094795
405,1686190252.59,254.883,263.672,42.969,-1.465,1092.487,347.45901227804893
406,1686190252.59,80.566,68.848,-19.531,-35.156,1092.491,345.1126438481594
407,1686190252.6,-263.184,16.113,-50.781,-79.102,1092.495,351.4032508893367
408,1686190252.6,-176.758,-108.398,-128.906,-35.645,1092.508,360.46674191090125
409,1686190252.6,167.969,-181.641,-118.652,28.32,1092.512,354.5195624021047
410,1686190252.61,154.297,-411.133,-234.863,4.883,1092.515,349.6747143178287
411,1686190252.61,-178.223,-199.707,-138.672,-57.129,1092.519,351.65113865672805
412,1686190252.61,-232.422,64.453,-18.555,-45.41,1092.523,351.2369192777259
413,1686190252.62,100.098,-260.742,-117.188,18.066,1092.527,347.6861701203096
414,1686190252.62,204.102,-951.66,-370.605,27.344,1092.531,359.24000732187017
415,1686190252.62,-96.68,-475.586,-153.32,-25.391,1092.535,353.9245613592425
416,1686190252.63,-262.207,51.758,9.766,-44.922,1092.539,355.19084037651925
417,1686190252.63,14.16,-13.672,52.734,-2.93,1092.543,352.80110718934577
418,1686190252.64,259.277,343.75,173.34,30.273,1092.547,352.4025844537857
419,1686190252.64,38.086,418.457,92.773,-13.184,1092.551,358.94804825052535
420,1686190252.66,-261.719,14.16,-72.754,-52.246,1092.556,356.170991470771
421,1686190252.66,-93.75,-113.281,-70.312,-24.414,1092.56,348.9797105922654
422,1686190252.67,229.492,87.891,88.379,10.254,1092.564,354.6600357951719
423,1686190252.67,115.234,158.691,82.52,-14.16,1092.568,357.18182682550236
424,1686190252.68,-222.656,-19.531,-125.488,-66.406,1092.572,356.2725272720972
425,1686190252.68,-198.73,-641.113,-291.016,-49.316,1092.576,360.81565274058363
426,1686190252.68,163.086,-307.129,0.0,-5.859,1092.579,351.6707487146331
427,1686190252.69,214.844,426.758,199.707,-17.09,1092.583,353.6226677594975
428,1686190252.69,-143.066,57.617,-102.539,-52.246,1092.587,355.79116218007505
429,1686190252.69,-252.441,-527.832,-306.641,-44.922,1092.591,352.2587895415043
430,1686190252.7,96.191,63.965,83.984,0.977,1092.595,358.87493380019936
431,1686190252.7,270.508,557.129,204.102,17.578,1092.599,357.22435611133125
432,1686190252.72,-37.598,35.156,-83.984,-21.484,1092.613,358.9155809727592
433,1686190252.72,-269.043,-259.766,-192.871,-41.504,1092.617,361.1801569913222
434,1686190252.72,-11.23,-116.211,-22.461,1.953,1092.621,362.84581167045474
435,1686190252.73,252.93,197.266,142.578,27.344,1092.625,360.98571637472276
436,1686190252.73,37.598,-134.766,-75.195,-13.672,1092.629,361.2520726960155
437,1686190252.74,-272.461,-718.75,-366.211,-53.223,1092.633,361.2668680132758
438,1686190252.74,-112.793,-367.676,-153.32,-25.391,1092.637,362.0519367970921
439,1686190252.74,233.398,96.68,104.98,20.996,1092.641,361.99187750703794
440,1686190252.75,210.938,343.262,130.859,20.508,1092.643,358.9301111471365
441,1686190252.75,157.227,-255.371,-135.254,10.742,1092.644,363.679957830635
442,1686190252.75,-122.559,147.461,27.832,-27.344,1092.647,357.1134110039872
443,1686190252.75,-228.027,-1000.0,-577.637,-29.297,1092.648,364.82830129470733
444,1686190252.76,-250.977,135.254,31.25,-35.156,1092.651,356.81473450774763
445,1686190252.76,-223.633,-488.77,-175.293,-31.738,1092.652,370.290118147497
446,1686190252.76,62.988,240.723,101.074,4.883,1092.655,357.0399339878947
447,1686190252.76,154.297,408.203,207.52,15.625,1092.656,365.370525089519
448,1686190252.76,252.93,231.445,92.285,16.113,1092.659,363.9144865778643
449,1686190252.77,-32.715,-97.168,-90.82,-27.344,1092.663,351.5713708771382
450,1686190252.77,-278.809,-277.344,-225.098,-56.152,1092.667,360.5605817952465
451,1686190252.77,-34.668,-116.699,-62.988,-18.066,1092.671,363.0587505201845
452,1686190252.78,249.023,-33.691,41.992,20.996,1092.675,353.81995599665424
453,1686190252.78,70.801,215.82,83.496,-16.113,1092.679,357.9431407045962
454,1686190252.79,-249.512,191.406,49.805,-62.5,1092.682,359.96387339808746
455,1686190252.79,-155.273,-135.742,-106.934,-33.203,1092.686,351.00572357811285
456,1686190252.79,157.715,-749.023,-290.527,22.461,1092.688,351.1514675976302
457,1686190252.8,138.672,-328.613,-8.301,2.441,1092.692,356.3381850535524
458,1686190252.8,-185.547,-25.879,-69.824,-46.387,1092.696,347.3848319812709
459,1686190252.8,-230.469,-648.926,-359.863,-33.203,1092.7,364.0906664343438
460,1686190252.81,100.098,-542.969,-196.777,4.395,1092.704,356.72267018474514
461,1686190252.81,198.73,8.789,56.152,-3.906,1092.708,356.50875641461954
462,1686190252.82,-109.375,-28.32,-89.355,-47.852,1092.712,355.92460136636106
463,1686190252.82,-287.598,-619.629,-357.91,-64.453,1092.716,359.78815312393135
464,1686190252.82,20.996,-586.426,-175.781,-18.066,1092.72,357.289983447251
465,1686190252.83,281.25,434.57,233.398,9.277,1092.723,357.6576967655906
466,1686190252.83,4.395,204.102,-21.973,-44.434,1092.727,351.16807486398955
467,1686190252.84,-309.57,-500.0,-261.719,-89.355,1092.731,350.7080235890752
468,1686190252.84,-96.68,-128.906,32.227,-49.316,1092.739,354.6867740656243
469,1686190252.84,222.168,562.012,227.539,0.977,1092.743,345.909796447465
470,1686190252.85,70.801,333.496,50.781,-27.832,1092.747,353.2156894736244
471,1686190252.85,-265.137,-139.16,-91.797,-78.613,1092.751,344.43948933659817
472,1686190252.86,-189.941,44.922,44.922,-55.664,1092.755,342.2349480297793
473,1686190252.86,158.203,221.68,145.508,-5.859,1092.759,343.81396633998736
474,1686190252.86,159.668,45.898,4.395,-3.418,1092.763,345.9852780378892
475,1686190252.87,-195.801,-572.754,-264.648,-44.434,1092.766,350.5294722457725
476,1686190252.87,-258.301,-364.258,-26.367,-66.406,1092.77,335.7480409433363
477,1686190252.88,101.074,438.477,236.328,-22.949,1092.774,338.18436113728416
478,1686190252.88,227.051,306.152,68.359,-0.977,1092.778,338.81381901413437
479,1686190252.88,-88.867,0.0,-54.688,-50.293,1092.782,334.53105769033306
480,1686190252.88,-285.156,-104.004,-94.727,-74.219,1092.781,338.5383120143491
481,1686190252.89,-4.395,-3.418,18.066,-33.203,1092.785,322.092858170923
482,1686190252.89,235.352,-87.891,-2.93,0.488,1092.789,326.2142760094558
483,1686190252.9,3.906,-221.191,-108.398,-37.109,1092.793,337.7615663887457
484,1686190252.9,-275.879,-50.781,-59.57,-77.637,1092.797,332.36502092825856
485,1686190252.9,-96.68,-93.75,-47.852,-39.551,1092.801,307.8626922246981
486,1686190252.91,218.262,-241.211,-67.383,7.812,1092.805,316.70704931064006
487,1686190252.91,80.566,-958.984,-470.703,-15.625,1092.809,321.42051377569584
488,1686190252.91,-255.371,-684.082,-256.836,-81.055,1092.813,317.4640677098316
489,1686190252.92,-187.5,68.848,83.008,-72.754,1092.817,300.019068370331
490,1686190252.92,167.48,134.766,105.469,-17.09,1092.82,304.4956613323428
491,1686190252.93,202.637,314.453,139.16,-10.742,1092.824,309.4432766280674
492,1686190252.93,-134.766,308.105,71.289,-54.199,1092.825,302.2648630594548
493,1686190252.93,-246.582,60.059,4.395,-65.918,1092.829,296.35477478158026
494,1686190252.94,76.172,93.262,42.969,-16.113,1092.833,298.2768579059277
495,1686190252.94,234.863,198.73,112.793,-5.859,1092.837,301.5972802552861
496,1686190252.94,-59.57,70.312,-13.184,-49.805,1092.841,288.87819718919246
497,1686190252.95,-277.344,-172.852,-181.641,-63.965,1092.845,282.5782727628288
498,1686190252.95,-39.062,-816.895,-360.84,-18.066,1092.849,284.2265296430832
499,1686190252.96,226.562,-568.359,-145.508,3.418,1092.853,287.74782159551125
500,1686190252.96,45.898,317.383,174.805,-38.574,1092.857,273.71713924435954
501,1686190252.96,-270.02,-60.547,-135.742,-75.684,1092.86,279.89579369687317
502,1686190252.97,-132.324,-197.754,-124.512,-45.898,1092.864,280.7954082617498
503,1686190252.97,214.355,391.113,196.777,3.418,1092.868,263.42300901459544
504,1686190252.97,147.461,461.426,145.996,-8.301,1092.883,273.95328454446025
505,1686190252.98,-213.867,-102.539,-110.84,-49.805,1092.887,263.5979734793588
506,1686190252.98,-228.027,-469.727,-247.559,-46.875,1092.891,262.56528298029156
507,1686190252.98,133.789,67.383,45.41,-0.977,1092.895,251.01767439993014
508,1686190252.99,212.891,461.426,182.617,0.977,1092.899,256.4118539224281
509,1686190252.99,-126.953,-331.055,-260.254,-38.574,1092.903,251.67617628802043
510,1686190253.0,-279.785,-1000.0,-511.23,-44.922,1092.906,247.9101657349791
511,1686190253.0,55.664,-259.277,59.082,-16.113,1092.91,243.08952580220068
512,1686190253.0,264.648,492.188,226.074,-4.395,1092.914,242.98667143855508
513,1686190253.01,-34.18,-155.273,-103.027,-38.574,1092.918,250.3309370747612
514,1686190253.01,-285.645,-407.227,-108.887,-61.035,1092.922,252.680107762736
515,1686190253.02,-31.25,247.559,139.16,-19.531,1092.926,246.84707160640323
516,1686190253.06,262.695,428.711,163.086,23.926,1092.958,250.79131305272168
517,1686190253.07,79.102,128.906,38.574,-16.602,1092.962,252.49475167683082
518,1686190253.07,24.902,-0.488,18.555,-23.438,1092.973,254.52277296542866
519,1686190253.07,-246.094,-62.5,-13.672,-71.289,1092.966,254.58978781040722
520,1686190253.07,231.934,59.082,45.41,1.465,1092.977,256.05867822340394
521,1686190253.07,-137.695,129.883,54.199,-47.363,1092.97,251.56503859897052
522,1686190253.07,-24.414,-125.488,-145.508,-41.016,1092.981,260.0324616332154
523,1686190253.08,201.66,301.27,98.633,-2.441,1092.974,252.78092124182612
524,1686190253.08,-270.508,-116.211,-107.422,-76.172,1092.984,258.13255229193084
525,1686190253.08,154.785,-111.816,-88.379,-18.555,1092.978,261.623254550199
526,1686190253.08,-65.918,-270.996,-121.094,-35.156,1092.988,254.97824357781798
527,1686190253.09,229.492,-705.566,-230.469,10.254,1092.992,257.48212661417654
528,1686190253.09,-207.031,-317.383,-189.941,-70.801,1092.982,253.97102513672684
529,1686190253.09,-233.398,50.781,22.461,-61.035,1092.986,255.32543289109353
530,1686190253.09,104.492,-168.457,42.969,-21.973,1092.996,260.7339774072356
531,1686190253.09,123.535,132.812,38.086,2.441,1092.99,258.9325363279592
532,1686190253.09,-235.84,41.992,13.184,-68.359,1093.0,253.51193236809283
533,1686190253.1,194.336,-541.992,-203.125,11.23,1092.994,257.8516009570263
534,1686190253.1,-193.359,-277.832,-73.242,-54.199,1093.004,254.75991915215369
535,1686190253.1,-127.441,-433.594,-67.871,-46.387,1092.997,263.4390956545744
536,1686190253.1,156.738,34.668,100.586,-8.789,1093.008,262.1049244584833
537,1686190253.1,-270.02,91.797,32.715,-67.871,1093.001,274.30889008129714
538,1686190253.1,178.223,409.668,166.016,-10.254,1093.012,264.701240359941
539,1686190253.11,-172.852,-109.863,-142.578,-59.082,1093.016,267.647240370927
540,1686190253.12,-259.766,-439.941,-231.934,-56.152,1093.018,278.09432005152064
541,1686190253.13,91.309,55.176,106.445,-0.977,1093.022,275.0627855383759
542,1686190253.13,235.84,475.098,209.961,9.766,1093.026,271.2667957727207
543,1686190253.13,-82.52,197.754,3.418,-30.762,1093.03,274.7603951268202
544,1686190253.14,-303.223,-662.109,-396.484,-41.504,1093.034,269.8701527942959
545,1686190253.14,-38.574,-850.098,-324.219,-3.418,1093.038,281.6913764752105
546,1686190253.15,237.793,92.285,167.48,10.254,1093.041,276.05087062176256
547,1686190253.15,21.484,172.363,28.809,-14.648,1093.045,287.7284525958532
548,1686190253.15,-283.691,-545.898,-269.531,-44.434,1093.049,275.49615227458224
549,1686190253.16,-101.074,-137.207,17.578,-25.879,1093.053,284.87587848451085
550,1686190253.16,241.699,558.594,232.422,20.508,1093.057,296.4373340171258
551,1686190253.16,127.441,231.934,32.227,-7.324,1093.061,286.10212709718655
552,1686190253.2,-224.609,-148.438,-137.695,-54.688,1093.098,303.086270758231
553,1686190253.2,-182.617,-64.941,-35.645,-37.109,1093.102,296.2374428494309
554,1686190253.21,163.574,88.867,107.91,5.859,1093.106,297.98130418579336
555,1686190253.21,184.082,-237.305,-88.867,0.0,1093.11,304.82849344955247
556,1686190253.21,56.152,277.344,121.582,-21.973,1093.109,300.92487169757925
557,1686190253.21,-167.48,-810.059,-387.695,-48.828,1093.114,305.13915779366175
558,1686190253.22,-252.93,199.707,51.27,-61.523,1093.113,305.4488449692955
559,1686190253.22,-270.996,-558.594,-222.656,-61.523,1093.118,304.3763015454882
560,1686190253.22,-129.883,108.398,47.852,-45.898,1093.117,309.3480281119938
561,1686190253.22,75.684,-4.395,62.5,-19.531,1093.122,311.9538396713972
562,1686190253.22,195.801,153.32,83.008,2.441,1093.121,310.96265793822374
563,1686190253.22,243.164,-243.164,-102.051,6.348,1093.126,305.7312774668003
564,1686190253.23,126.465,84.473,59.57,-10.742,1093.124,306.39170045422725
565,1686190253.23,-62.988,-612.305,-224.121,-33.203,1093.13,307.5477276001752
566,1686190253.23,-227.051,-224.609,-133.789,-51.758,1093.128,308.8985440640301
567,1686190253.23,-266.602,22.461,88.379,-64.941,1093.133,308.1746730651582
568,1686190253.24,-229.98,-375.488,-238.281,-35.645,1093.132,313.8080097772072
569,1686190253.24,1.465,250.0,94.238,-24.414,1093.137,302.5362890690308
570,1686190253.24,123.535,-171.875,-33.691,0.977,1093.136,308.34019309148107
571,1686190253.24,260.254,237.305,138.672,6.836,1093.141,316.3235618619434
572,1686190253.24,199.707,251.953,152.344,-11.719,1093.14,311.9525454390748
573,1686190253.25,-125.488,275.391,96.68,-52.246,1093.144,310.39158329407167
574,1686190253.25,-270.996,-208.984,-145.508,-55.664,1093.148,307.64759407065543
575,1686190253.26,44.434,-245.117,-116.211,-8.789,1093.152,318.2087296339393
576,1686190253.27,251.953,364.746,194.824,12.207,1093.168,322.21948517686553
577,1686190253.28,-23.926,260.254,64.453,-29.785,1093.172,326.20405199808107
578,1686190253.28,-279.297,-432.129,-290.527,-55.176,1093.176,312.72284267809135
579,1686190253.28,-64.453,-1000.0,-501.465,-13.672,1093.18,321.47967499555097
580,1686190253.29,243.652,-593.262,-99.609,16.113,1093.184,319.60824591027256
581,1686190253.29,95.215,48.34,104.492,-26.855,1093.188,323.91010101570515
582,1686190253.3,-250.977,-641.602,-386.719,-73.242,1093.192,319.7414341914359
583,1686190253.3,-157.227,-894.531,-388.184,-51.758,1093.196,321.86461541699924
584,1686190253.3,218.75,135.742,186.035,-3.906,1093.2,324.9836867655195
585,1686190253.3,136.719,451.66,210.449,-5.371,1093.205,316.87715801311583
586,1686190253.31,190.43,538.574,211.426,-6.836,1093.204,316.87125271719964
587,1686190253.31,240.234,483.887,122.559,-3.906,1093.209,320.6476609363709
588,1686190253.31,-185.059,25.391,-67.383,-54.199,1093.207,324.7667374195515
589,1686190253.31,-96.191,11.23,-59.082,-43.457,1093.213,317.4602660176279
590,1686190253.32,-228.027,-25.879,-8.301,-52.246,1093.211,315.66013662643553
591,1686190253.32,-258.789,-48.34,-14.16,-54.199,1093.217,321.71334186854375
592,1686190253.32,44.434,268.555,120.117,-8.789,1093.221,322.6629788688108
593,1686190253.32,252.93,173.34,69.824,20.508,1093.224,319.6421349393826
594,1686190253.33,-9.277,-191.406,-16.113,-21.484,1093.228,321.7492647720759
595,1686190253.33,-271.484,-65.918,48.34,-67.383,1093.232,320.6301590213061
596,1686190253.33,-64.453,270.02,128.906,-41.504,1093.236,320.376698640726
597,1686190253.34,236.328,240.234,80.566,9.277,1093.24,328.94740073985764
598,1686190253.34,74.219,-668.945,-321.777,2.441,1093.244,311.337101741823
599,1686190253.35,-263.184,-625.0,-208.984,-52.246,1093.248,319.82704620220255
600,1686190253.35,-167.969,206.055,150.391,-41.016,1093.258,319.20548134426724
601,1686190253.35,189.453,209.473,92.773,12.207,1093.262,317.5215069451554
602,1686190253.36,176.758,-104.004,-21.973,-2.93,1093.266,324.54196350924934
603,1686190253.36,-168.457,-166.016,-75.684,-47.852,1093.269,312.3824430811687
604,1686190253.36,-234.375,136.719,68.848,-47.363,1093.273,317.2737771746733
605,1686190253.37,88.379,-171.875,-55.176,2.93,1093.277,318.6088826410211
606,1686190253.37,198.73,-835.938,-283.691,13.184,1093.281,314.328372375599
607,1686190253.37,-104.004,-278.32,15.625,-45.41,1093.285,312.81901076851926
608,1686190253.38,-283.691,121.094,69.824,-65.43,1093.289,307.2703394423667
609,1686190253.38,3.418,15.625,76.66,-15.137,1093.293,316.6455805751587
610,1686190253.39,250.0,341.309,186.035,6.348,1093.297,301.9721370431399
611,1686190253.39,18.066,365.723,96.191,-31.25,1093.301,312.64272387452525
612,1686190253.4,-281.738,-130.859,-143.555,-62.988,1093.302,308.84826765571296
613,1686190253.4,-114.746,-374.512,-178.223,-30.762,1093.306,305.64583970024097
614,1686190253.4,217.773,87.891,114.746,10.254,1093.31,302.1398797016675
615,1686190253.41,122.559,425.293,158.691,-14.16,1093.314,305.4008253371891
616,1686190253.41,-227.539,-21.484,-102.051,-58.594,1093.318,301.5888869773716
617,1686190253.42,-211.914,-485.84,-221.68,-53.223,1093.322,300.8456810808733
618,1686190253.42,150.391,-73.242,52.734,-8.789,1093.325,296.3272687796182
619,1686190253.42,208.984,470.215,228.516,-8.789,1093.329,288.87783596210636
620,1686190253.43,-135.742,-17.578,-98.145,-46.875,1093.333,288.61916888584307
621,1686190253.43,-256.348,-624.023,-311.035,-42.969,1093.337,292.21996930716983
622,1686190253.43,82.031,-1.953,76.172,7.812,1093.341,299.2955687721838
623,1686190253.44,263.672,566.406,243.652,20.508,1093.345,281.6568809210814
624,1686190253.45,-46.387,76.66,-44.922,-30.273,1093.349,290.0359548644034
625,1686190253.46,-267.578,-296.875,-233.398,-59.57,1093.352,293.54841129014306
626,1686190253.46,-3.418,-105.469,-56.641,-20.508,1093.356,294.7313396820868
627,1686190253.46,247.559,35.156,91.309,10.742,1093.36,284.12809614445547
628,1686190253.47,46.387,-354.492,-176.758,-11.23,1093.364,286.5254878188771
629,1686190253.47,-287.109,-1000.0,-508.789,-41.016,1093.368,284.9610572918666
630,1686190253.48,-145.996,-520.508,-116.699,-25.391,1093.372,284.37881884615274
631,1686190253.48,218.75,306.641,181.641,9.277,1093.376,292.29105617173
632,1686190253.48,144.043,-62.988,-13.184,-5.371,1093.38,285.48101955797745
633,1686190253.49,-212.402,-407.227,-74.219,-51.27,1093.384,290.7253502711657
634,1686190253.49,-206.543,110.352,103.027,-47.852,1093.388,286.9531331690751
635,1686190253.5,153.32,304.199,123.047,1.953,1093.391,290.69700319678304
636,1686190253.51,223.145,186.523,94.238,4.395,1093.409,283.56257202974257
637,1686190253.52,-113.77,76.172,61.523,-40.527,1093.412,292.1156539503465
638,1686190253.52,-253.906,129.883,68.848,-50.293,1093.416,291.73464470387586
639,1686190253.52,64.453,227.051,95.703,0.977,1093.42,289.16628265196505
640,1686190253.53,260.254,136.23,99.121,19.043,1093.424,290.2670857491709
641,1686190253.53,-18.555,-105.469,-50.781,-28.809,1093.428,289.95698506382007
642,1686190253.54,-277.344,-399.414,-254.883,-59.082,1093.432,283.37214302420136
643,1686190253.54,-43.945,-209.961,-58.594,-16.602,1093.436,291.1053423296015
644,1686190253.54,237.793,-610.84,-182.617,33.691,1093.44,296.78372822537807
645,1686190253.55,73.242,-628.418,-183.594,-11.23,1093.444,294.46206295237977
646,1686190253.55,-232.91,107.91,96.68,-70.801,1093.448,293.00272727995196
647,1686190253.56,-148.926,-36.621,5.371,-46.387,1093.451,293.8784050325411
648,1686190253.57,189.453,102.539,79.59,-5.371,1093.485,300.4542988580716
649,1686190253.58,166.016,427.734,168.945,-20.508,1093.489,300.139774676276
650,1686190253.58,-186.523,5.859,-49.316,-66.406,1093.493,304.35510835758873
651,1686190253.58,-241.699,-640.137,-324.219,-57.129,1093.497,299.0709305180628
652,1686190253.59,101.074,-613.281,-192.871,-7.324,1093.501,296.2921869320021
653,1686190253.59,-96.68,-746.582,-255.859,-18.066,1093.493,293.4696749993841
654,1686190253.59,218.262,-52.734,108.887,-4.395,1093.505,297.1172162766788
655,1686190253.6,247.07,333.008,273.438,6.836,1093.497,296.7604976966716
656,1686190253.6,-104.492,-145.996,-86.914,-43.945,1093.509,298.03687829996625
657,1686190253.6,-286.133,-628.906,-273.926,-62.012,1093.513,306.08944555987597
658,1686190253.6,106.445,377.441,72.754,-20.02,1093.5,299.9402916690429
659,1686190253.6,15.625,-316.406,14.648,-26.367,1093.517,298.24901721895696
660,1686190253.6,-245.605,-129.883,-77.637,-60.547,1093.504,298.4178861884812
661,1686190253.61,-174.316,-10.742,51.758,-42.48,1093.508,305.2753478353971
662,1686190253.61,256.836,441.406,219.727,1.953,1093.521,306.1784554192413
663,1686190253.61,21.973,420.898,116.211,-29.297,1093.525,297.71214350947685
664,1686190253.61,191.895,182.129,131.348,5.859,1093.512,302.45126168668196
665,1686190253.62,-281.738,-501.465,-329.102,-50.781,1093.528,300.7001976563515
666,1686190253.62,192.871,32.227,34.668,-1.953,1093.516,300.86793307878435
667,1686190253.62,-169.434,-253.906,-81.055,-45.898,1093.52,301.92377439536114
668,1686190253.62,-244.629,-62.988,32.227,-50.781,1093.524,300.09085138797406
669,1686190253.63,113.77,365.234,184.082,-0.488,1093.528,301.131729072876
670,1686190253.63,246.582,108.887,21.973,16.602,1093.532,293.6855799242515
671,1686190253.63,-269.531,-134.277,-7.812,-46.875,1093.529,295.98602261525707
672,1686190253.63,-78.125,-408.691,-184.082,-27.344,1093.536,303.62247651249885
673,1686190253.64,17.578,350.586,181.152,-6.348,1093.533,299.62753289150373
674,1686190253.64,257.324,-53.711,-55.664,23.438,1093.536,302.6987575994923
675,1686190253.64,28.809,-505.859,-207.52,-22.461,1093.54,310.67495434795035
676,1686190253.65,-248.535,-67.871,35.645,-58.594,1093.544,302.7094734778258
677,1686190253.65,-84.473,-13.184,36.621,-25.391,1093.548,305.5535737512628
678,1686190253.66,229.492,-316.406,-65.918,15.137,1093.552,309.6509288113025
679,1686190253.66,106.445,-968.262,-452.637,5.859,1093.556,305.6607503997272
680,1686190253.66,-241.211,-817.871,-372.07,-51.758,1093.56,302.10033695170733
681,1686190253.67,-187.5,-49.805,41.992,-48.34,1093.564,302.09309364284996
682,1686190253.67,182.129,260.742,179.688,2.441,1093.568,305.1840734821503
683,1686190253.68,194.824,395.996,178.711,-6.836,1093.572,305.49491670234784
684,1686190253.68,-160.645,172.852,-12.695,-57.129,1093.58,300.91583585409427
685,1686190253.68,-250.488,-205.566,-188.965,-56.641,1093.584,312.64590097190126
686,1686190253.69,68.848,-248.047,-102.051,-0.488,1093.588,308.3093217245281
687,1686190253.69,247.07,206.055,137.207,12.207,1093.592,310.74144102741275
688,1686190253.7,-32.227,302.246,85.449,-33.691,1093.596,307.2537289084793
689,1686190253.7,-268.066,-253.418,-211.426,-56.641,1093.6,307.5755204899261
690,1686190253.7,-26.855,-635.254,-208.496,-12.695,1093.603,311.836101856738
691,1686190253.71,262.695,-68.848,119.629,21.973,1093.607,302.5893435561324
692,1686190253.71,74.707,516.602,193.359,-17.578,1093.611,302.43520450707166
693,1686190253.72,-250.488,-42.969,-99.121,-57.129,1093.615,306.8272778228174
694,1686190253.72,-115.234,-167.48,-90.82,-30.273,1093.619,302.8969265644016
695,1686190253.72,167.48,515.625,194.336,-5.859,1093.633,303.7030158067372
696,1686190253.72,228.027,438.477,198.73,9.766,1093.623,315.4669720768818
697,1686190253.73,-186.035,-76.66,-90.332,-49.316,1093.637,311.9704159294949
698,1686190253.73,-206.543,-505.859,-255.371,-46.387,1093.641,305.95520054487696
699,1686190253.73,151.855,-161.621,9.766,-2.93,1093.645,307.1867226881546
700,1686190253.74,235.84,230.469,140.625,4.395,1093.649,306.1150905696335
701,1686190253.74,-110.352,-262.207,-191.895,-24.414,1093.653,314.3225073007475
702,1686190253.75,-283.691,-1000.0,-563.477,-34.18,1093.657,305.7194570212898
703,1686190253.75,41.016,-577.148,-155.273,-2.93,1093.66,311.48932598285717
704,1686190253.75,272.949,367.676,208.496,20.508,1093.664,304.45907356187735
705,1686190253.76,2.93,168.457,16.602,-22.461,1093.668,315.0053715581771
706,1686190253.76,-261.719,-132.324,-24.414,-57.129,1093.672,312.2521438415627
707,1686190253.76,-35.156,182.617,129.883,-26.855,1093.676,314.8760202302618
708,1686190253.78,265.625,431.152,159.18,7.812,1093.678,303.35317258964517
709,1686190253.79,83.984,149.902,34.18,-22.461,1093.682,311.9187885416025
710,1686190253.79,-248.535,-10.742,28.809,-66.895,1093.686,311.5676748297501
711,1686190253.79,-137.207,189.453,115.723,-36.621,1093.69,309.9868957482902
712,1686190253.8,211.914,334.473,118.652,18.066,1093.694,313.1232026488729
713,1686190253.8,166.504,-53.223,34.18,-0.977,1093.698,311.5919916759378
714,1686190253.81,-197.266,-428.711,-152.832,-62.012,1093.702,321.3790641682303
715,1686190253.81,-230.957,-242.188,-90.82,-52.734,1093.706,317.3264243490642
716,1686190253.81,130.859,132.324,110.352,-9.277,1093.71,311.3260862211516
717,1686190253.82,226.562,-470.703,-133.789,3.906,1093.713,314.00281092246064
718,1686190253.82,-92.285,-479.492,-68.848,-39.551,1093.717,314.28305716278544
719,1686190253.82,-250.977,81.543,87.891,-58.105,1093.721,312.15379594840067
720,1686190253.83,38.574,20.996,38.574,-9.766,1093.768,312.0522157663111
721,1686190253.83,263.672,174.805,113.281,11.23,1093.771,315.160046632077
722,1686190253.84,3.906,-33.691,-39.551,-32.227,1093.775,312.47343178582685
723,1686190253.84,-278.809,-233.398,-94.238,-71.777,1093.779,312.746305474299
724,1686190253.84,-79.59,-329.59,-96.191,-27.832,1093.783,312.1018862759273
725,1686190253.85,224.121,-601.562,-196.777,18.066,1093.787,311.2243603459465
726,1686190253.85,104.98,-104.004,59.082,-19.531,1093.791,313.852064493066
727,1686190253.85,-221.191,138.672,44.434,-63.477,1093.795,310.27584504647064
728,1686190253.86,-179.688,-531.25,-282.227,-35.645,1093.799,315.2199775621893
729,1686190253.86,155.762,-774.414,-230.469,6.348,1093.803,321.888375156581
730,1686190253.87,192.871,191.406,169.434,-13.672,1093.807,310.17539757314336
731,1686190253.87,-152.344,240.234,30.273,-58.105,1093.81,314.22626308764166
732,1686190253.88,-249.023,-175.781,-144.531,-58.594,1093.777,310.0718125951093
733,1686190253.88,96.191,177.246,99.121,-15.137,1093.781,312.977064434482
734,1686190253.88,245.117,567.871,259.277,-5.859,1093.785,316.658600038362
735,1686190253.89,-75.195,201.66,-8.301,-56.641,1093.789,312.1723707004204
736,1686190253.89,-284.668,-227.051,-145.02,-72.754,1093.793,310.0836036327297
737,1686190253.9,-10.254,-225.098,13.184,-21.484,1093.797,313.3530958349882
738,1686190253.9,247.07,133.789,155.273,7.812,1093.801,314.34973231721125
739,1686190253.9,39.062,158.691,5.371,-21.973,1093.805,315.6478755969686
740,1686190253.91,-277.344,-636.719,-300.293,-57.129,1093.809,316.8406082866052
741,1686190253.91,-111.328,-315.918,-1.465,-33.691,1093.812,316.18559647935604
742,1686190253.91,240.723,484.375,261.23,9.277,1093.816,321.32878429441814
743,1686190253.92,125.0,13.672,-57.129,-12.695,1093.82,315.54957410590305
744,1686190253.92,-235.352,-399.414,-222.168,-62.988,1093.814,317.1448553475737
745,1686190253.92,-194.336,46.387,86.426,-60.547,1093.818,318.48304712171705
746,1686190253.93,170.41,198.242,141.113,-2.93,1093.822,311.1748168411362
747,1686190253.93,203.613,-204.59,-73.242,13.672,1093.826,313.0675413706013
748,1686190253.93,-143.066,-349.609,-140.137,-33.203,1093.83,313.9941009390893
749,1686190253.94,-257.324,-239.746,-108.887,-45.898,1093.834,318.2109539906281
750,1686190253.94,70.312,-61.035,-6.836,-4.395,1093.838,313.17276513700256
751,1686190253.94,237.305,-196.777,-41.992,1.953,1093.842,318.2993446917142
752,1686190253.95,-80.078,-1000.0,-521.484,-34.668,1093.846,312.7451645560893
753,1686190253.95,-306.152,-696.777,-281.738,-65.43,1093.85,323.03337266279294
754,1686190253.96,-21.973,193.848,178.711,-27.832,1093.854,316.2023514912041
755,1686190253.96,262.695,335.938,185.547,17.578,1093.857,315.0014413353329
756,1686190253.96,72.266,322.266,127.441,-26.855,1093.865,321.78156146403074
757,1686190253.97,-251.953,82.031,-24.414,-77.148,1093.868,314.8740726514033
758,1686190253.97,-135.742,-151.855,-30.762,-45.41,1093.872,304.9357698415238
759,1686190253.98,205.566,-42.969,84.473,0.977,1093.876,314.4198125181304
760,1686190253.98,146.484,95.215,89.355,-17.09,1093.88,319.71996408436854
761,1686190253.98,-205.566,-166.504,-120.605,-65.918,1093.884,316.24478343074
762,1686190253.99,-222.168,-281.25,-192.383,-59.082,1093.888,318.5906841556181
763,1686190253.99,120.117,-565.918,-159.18,-2.441,1093.892,316.13882343998137
764,1686190254.0,210.449,-300.293,51.27,0.0,1093.896,316.78868827541345
765,1686190254.0,-102.539,366.211,193.848,-48.34,1093.9,311.62890006645983
766,1686190254.0,-263.184,-92.773,-108.398,-56.641,1093.904,305.60538399809815
767,1686190254.01,255.859,491.699,218.75,3.418,1093.904,319.00919994900516
768,1686190254.01,47.852,-82.031,-49.805,-13.672,1093.907,316.9013024421404
769,1686190254.01,-13.184,427.734,118.164,-39.062,1093.907,323.4484312118648
770,1686190254.02,-282.227,-382.812,-221.68,-62.988,1093.911,312.72809965257386
771,1686190254.02,-63.477,-507.812,-193.848,-23.926,1093.915,318.9163234160052
772,1686190254.02,243.652,141.602,132.812,0.977,1093.919,309.31185991050086
773,1686190254.03,70.801,23.926,33.691,-41.016,1093.923,313.6694020087215
774,1686190254.03,-277.344,-572.266,-319.336,-80.566,1093.927,317.0070995962462
775,1686190254.03,-200.195,-961.914,-392.578,-49.805,1093.931,315.2069274803756
776,1686190254.04,181.152,-51.758,127.93,-8.789,1093.935,312.37647634569254
777,1686190254.04,180.664,494.141,177.734,-18.555,1093.939,313.76762516529254
778,1686190254.05,-190.918,28.32,-50.293,-59.082,1093.943,323.88539764269603
779,1686190254.05,-239.746,2.93,38.574,-55.176,1093.946,307.29359191557535
780,1686190254.05,127.93,454.59,211.914,-8.301,1093.951,311.8849544483352
781,1686190254.06,238.77,445.801,140.625,-3.418,1093.955,312.8227662910003
782,1686190254.06,-95.215,-6.348,-17.09,-48.828,1093.959,319.79450072819293
783,1686190254.06,-270.02,-25.391,31.25,-65.43,1093.963,315.27994856195147
784,1686190254.07,30.273,262.207,139.648,-18.066,1093.966,320.9907384783649
785,1686190254.07,260.742,168.945,63.477,10.254,1093.97,319.36026785593526
786,1686190254.08,-0.977,-598.145,-251.465,-23.438,1093.974,319.0469442867373
787,1686190254.08,-287.598,-634.277,-171.875,-63.477,1093.978,318.9587593947243
788,1686190254.08,-68.848,213.379,176.27,-36.621,1093.982,319.0147739167693
789,1686190254.09,255.371,291.504,83.496,4.395,1093.986,310.7746442973166
790,1686190254.09,115.723,-139.648,-76.172,-22.461,1093.99,319.58576563134307
791,1686190254.1,-222.656,-93.75,14.16,-62.5,1093.994,315.58769415192495
792,1686190254.1,-157.227,156.25,102.051,-41.992,1094.008,317.17100128253674
793,1686190254.1,194.336,142.09,69.824,6.348,1094.012,314.4793192541188
794,1686190254.1,190.918,-175.293,-30.273,-0.488,1094.016,315.12750817156905
795,1686190254.11,-162.598,-174.805,-47.363,-55.664,1094.02,311.2566242021005
796,1686190254.11,-240.723,32.227,2.441,-60.547,1094.023,316.89890112860616
797,1686190254.12,90.82,-303.223,-106.445,-5.371,1094.027,316.7022154517485
798,1686190254.12,219.727,-884.766,-296.875,12.695,1094.031,314.7197744030471
799,1686190254.12,-76.172,-322.754,6.348,-41.504,1094.035,315.79909275852896
800,1686190254.13,-262.207,107.422,71.289,-68.848,1094.039,314.11922929196584
801,1686190254.13,8.301,-123.047,-4.883,-21.973,1094.043,318.2983011221715
802,1686190254.14,265.625,116.699,128.418,7.324,1094.047,315.3780883397648
803,1686190254.14,56.152,380.371,142.578,-31.738,1094.051,324.8995470386299
804,1686190254.16,-249.512,134.766,21.973,-64.941,1094.054,317.40117630259283
805,1686190254.16,-101.074,-273.926,-81.543,-28.32,1094.057,312.1351999132356
806,1686190254.16,234.375,43.945,91.797,9.766,1094.061,323.9386436491652
807,1686190254.17,153.32,459.473,171.875,-17.578,1094.065,317.5748380405121
808,1686190254.17,-206.055,42.48,-83.984,-62.5,1094.069,315.8277935995353
809,1686190254.18,-205.566,-448.73,-208.496,-50.293,1094.073,312.78007140041876
810,1686190254.18,153.32,-175.781,23.926,-6.348,1094.077,322.355890617104
811,1686190254.18,217.773,372.07,194.336,-7.812,1094.081,304.4584127379616
812,1686190254.19,-120.117,0.488,-96.68,-41.504,1094.085,318.84239886415577
813,1686190254.19,-256.348,-613.77,-318.359,-40.039,1094.089,312.9455582560206
814,1686190254.2,62.012,-145.996,44.434,-5.371,1094.093,314.2385226543593
815,1686190254.2,248.047,390.625,209.961,11.719,1094.097,316.2747475984753
816,1686190254.2,-45.898,-214.355,-192.871,-14.648,1094.112,313.49917278077453
817,1686190254.21,-281.738,-663.086,-323.242,-37.109,1094.116,310.6933034359301
818,1686190254.21,-20.02,-235.84,34.668,-7.812,1094.12,309.77293163032215
819,1686190254.22,272.949,243.652,171.875,20.996,1094.124,320.01376974784796
820,1686190254.22,80.566,-125.977,-132.324,-1.465,1094.128,312.06968897473365
821,1686190254.22,-256.836,-902.832,-435.547,-42.969,1094.132,312.8687150479794
822,1686190254.23,-116.211,-316.895,-31.738,-27.832,1094.136,319.29504321311157
823,1686190254.23,237.305,471.68,261.719,18.066,1094.14,318.9459986418567
824,1686190254.23,160.156,-191.895,-136.719,5.859,1094.144,319.27349553966485
825,1686190254.24,-209.473,-803.711,-339.355,-41.992,1094.147,315.1059661715431
826,1686190254.24,-208.008,-24.902,81.055,-36.621,1094.151,313.48120107949876
827,1686190254.25,159.18,308.105,144.043,21.973,1094.155,317.1393244748685
828,1686190254.25,237.305,166.016,107.91,20.02,1094.143,310.04808042852255
829,1686190254.25,-105.957,76.66,47.363,-36.621,1094.147,309.52401673430666
830,1686190254.26,-256.348,-59.57,-51.758,-46.875,1094.151,312.1075505109346
831,1686190254.26,53.223,-87.891,-0.977,-6.348,1094.155,308.21964484939787
832,1686190254.26,246.094,-187.012,-11.23,10.254,1094.159,315.1726818333134
833,1686190254.27,-29.297,-382.812,-145.02,-35.645,1094.163,304.8234709796515
834,1686190254.27,-294.434,-358.398,-186.523,-73.73,1094.167,313.96121041260085
835,1686190254.27,-66.406,-40.527,0.488,-45.898,1094.171,307.8445465369651
836,1686190254.28,224.121,-502.93,-141.113,-0.488,1094.174,321.10538719260535
837,1686190254.28,66.406,-521.484,-80.566,-31.25,1094.178,313.77221177691706
838,1686190254.29,-239.258,221.68,161.621,-81.543,1094.182,317.3752584162717
839,1686190254.29,-157.715,-139.16,-68.848,-54.199,1094.186,306.1061870736012
840,1686190254.29,186.523,-237.305,-65.918,-0.977,1094.189,316.3919478192947
841,1686190254.3,182.129,311.523,174.805,-8.789,1094.193,310.40631318333294
842,1686190254.3,-181.641,62.988,-25.879,-54.199,1094.197,321.3023109277955
843,1686190254.3,-242.676,-562.012,-320.312,-37.598,1094.201,326.8802811545921
844,1686190254.31,98.145,-537.109,-174.805,13.672,1094.205,315.1390724615296
845,1686190254.31,222.168,-1.953,113.281,11.23,1094.209,317.1459316035809
846,1686190254.32,-81.055,-43.945,-8.789,-31.738,1094.213,312.5947462490576
847,1686190254.32,-278.809,-643.066,-335.938,-39.551,1094.217,318.24881932315657
848,1686190254.32,5.371,-810.547,-284.668,10.254,1094.22,313.6330447124722
849,1686190254.33,266.113,143.555,167.48,23.926,1094.224,313.5754695133698
850,1686190254.33,36.133,360.84,107.91,-22.461,1094.228,321.03206181367773
851,1686190254.34,-264.648,-103.027,-83.008,-47.852,1094.232,310.2342808145998
852,1686190254.34,-70.801,73.73,68.359,-5.859,1094.233,320.03610375034367
853,1686190254.34,254.395,510.742,260.254,21.484,1094.237,314.40546623042314
854,1686190254.35,123.047,316.895,73.73,-8.789,1094.241,319.06810220821905
855,1686190254.35,-224.121,-137.695,-107.91,-54.199,1094.245,319.8881381255732
856,1686190254.35,-161.621,-11.719,49.805,-38.086,1094.249,319.35020787583113
857,1686190254.36,197.754,145.02,119.141,13.672,1094.253,315.8172161556003
858,1686190254.36,207.031,39.551,66.406,0.977,1094.257,313.78822623406205
859,1686190254.36,-162.598,-612.305,-296.387,-48.34,1094.261,317.24199690611425
860,1686190254.37,-259.766,-614.746,-193.848,-57.129,1094.265,312.9299639627302
861,1686190254.37,105.469,328.613,231.445,-18.555,1094.268,318.1275321311264
862,1686190254.38,259.277,268.555,52.246,3.906,1094.272,313.66533420399185
863,1686190254.38,-59.082,-351.562,-177.246,-23.926,1094.276,322.2037291810844
864,1686190254.38,-265.137,-105.469,10.254,-45.898,1094.278,314.8495809752161
865,1686190254.39,23.438,354.492,194.336,-9.277,1094.282,317.2560556234384
866,1686190254.39,272.461,-63.477,-67.871,29.297,1094.286,308.2847393548883
867,1686190254.39,44.922,-466.797,-164.062,1.465,1094.29,315.2077708245204
868,1686190254.4,-266.113,-228.516,-80.566,-42.969,1094.294,317.5015980415309
869,1686190254.4,-116.699,-160.645,-88.379,-20.02,1094.298,306.2342973439222
870,1686190254.41,224.121,-339.355,-62.5,32.715,1094.302,316.63017993564875
871,1686190254.41,138.184,-506.348,-152.832,10.254,1094.306,318.80294521861094
872,1686190254.41,-198.242,31.25,69.824,-49.316,1094.31,311.54803696403843
873,1686190254.42,-189.453,158.691,72.754,-45.41,1094.313,309.6704477267387
874,1686190254.42,151.855,-16.113,93.262,-0.977,1094.317,313.1644647731329
875,1686190254.42,210.449,175.781,173.34,0.488,1094.321,314.531690940334
876,1686190254.44,-120.117,285.645,106.445,-43.945,1094.341,310.5431859846697
877,1686190254.45,-248.535,73.73,4.883,-49.316,1094.345,316.3644887861599
878,1686190254.45,74.707,4.883,61.035,-10.254,1094.349,311.96473818846664
879,1686190254.46,265.625,270.02,151.367,4.395,1094.353,314.1273851064247
880,1686190254.46,-24.902,313.477,90.82,-30.762,1094.357,316.5182674063574
881,1686190254.46,-276.367,-166.992,-152.832,-59.57,1094.36,317.1293692836764
882,1686190254.47,-43.945,-650.879,-235.352,-22.949,1094.364,311.1351188711148
883,1686190254.47,250.488,-180.176,74.219,10.254,1094.368,314.821038767202
884,1686190254.47,174.316,398.926,145.996,-3.906,1094.382,310.6296703121429
885,1686190254.47,83.496,390.625,187.012,-24.414,1094.372,315.8294504580976
886,1686190254.48,-187.988,-375.0,-276.855,-52.246,1094.386,309.88326898666935
887,1686190254.48,-243.164,-79.102,-131.348,-60.547,1094.376,319.42263023794965
888,1686190254.48,-225.586,-824.219,-389.16,-50.293,1094.39,316.4357744898615
889,1686190254.48,-127.441,-208.496,-145.02,-36.621,1094.38,319.2503087033394
890,1686190254.48,150.391,16.602,97.656,-0.488,1094.394,313.54312899566906
891,1686190254.49,219.238,338.379,204.59,5.371,1094.384,311.4190895518714
892,1686190254.49,237.793,432.617,167.48,5.859,1094.398,316.4725055324093
893,1686190254.49,-112.793,-481.934,-332.031,-37.109,1094.402,316.74668727143575
894,1686190254.5,-260.254,-768.066,-315.43,-47.852,1094.406,320.66228096777905
895,1686190254.5,62.5,105.957,127.441,-9.277,1094.409,307.9557957986427
896,1686190254.5,274.414,527.832,220.703,10.254,1094.413,312.9464880353506
897,1686190254.51,-6.348,-261.23,-222.656,-16.602,1094.417,318.26137643356435
898,1686190254.51,-291.016,-1000.0,-495.117,-38.086,1094.421,307.0990467986044
899,1686190254.52,-57.617,-183.594,87.891,-20.508,1094.425,312.0014712274646
900,1686190254.52,263.672,416.504,204.59,11.23,1094.428,301.3527596700973
901,1686190254.52,93.262,145.508,32.715,-13.672,1094.432,310.99557052987234
902,1686190254.53,-241.699,-20.02,1.953,-60.059,1094.436,309.3882211912461
903,1686190254.53,-153.32,-40.039,16.602,-38.574,1094.44,312.22522923715553
904,1686190254.54,202.637,83.984,87.402,15.137,1094.444,318.2552721658007
905,1686190254.54,176.27,-390.625,-99.121,9.766,1094.448,310.33879750220694
906,1686190254.54,-174.805,-595.703,-151.855,-44.434,1094.451,312.4607669392249
907,1686190254.55,-213.867,63.477,64.941,-51.27,1094.455,325.42785878922746
908,1686190254.55,119.141,139.648,58.594,-12.207,1094.459,318.20141679661043
909,1686190254.55,229.004,-70.312,44.922,-14.648,1094.463,318.7104416140676
910,1686190254.56,-83.496,65.918,98.633,-50.293,1094.467,311.1992754114464
911,1686190254.56,-272.461,160.645,68.848,-59.57,1094.471,317.48512404385497
912,1686190254.58,17.578,45.898,46.875,-17.09,1094.473,319.69031309207077
913,1686190254.58,239.746,87.891,79.102,8.789,1094.477,313.6140539058172
914,1686190254.58,-14.648,-101.562,-57.617,-36.133,1094.481,315.72283346932403
915,1686190254.59,-273.926,-106.934,-36.133,-73.242,1094.485,311.252759084176
916,1686190254.59,-91.797,-272.461,-93.262,-38.086,1094.489,314.0997620802618
917,1686190254.6,212.891,-656.738,-195.801,9.766,1094.493,316.6786503794967
918,1686190254.6,105.957,-252.441,23.438,-24.414,1094.497,310.59031420385827
919,1686190254.6,-225.586,-186.035,-123.535,-66.895,1094.501,312.95232199184176
920,1686190254.61,-187.5,-663.086,-322.754,-31.738,1094.505,310.2338783491935
921,1686190254.61,164.062,-628.418,-124.512,23.438,1094.509,304.1322132101336
922,1686190254.62,201.172,190.43,226.562,11.23,1094.513,312.9036637546539
923,1686190254.62,-148.438,125.488,60.547,-40.039,1094.516,312.953538973002
924,1686190254.62,-241.699,-173.828,-83.496,-47.852,1094.518,318.4271603746287
925,1686190254.63,102.539,173.34,120.117,-0.488,1094.522,319.92464006859467
926,1686190254.63,259.277,538.086,241.211,12.207,1094.526,313.85977304512556
927,1686190254.63,-51.27,181.641,3.418,-33.691,1094.53,314.28067513025974
928,1686190254.64,-285.645,-259.277,-128.418,-53.711,1094.534,318.31618248455857
929,1686190254.64,-28.32,-213.867,15.137,-20.02,1094.538,317.8102848596235
930,1686190254.65,246.582,176.758,175.293,5.371,1094.542,312.6941164529821
931,1686190254.65,44.922,180.664,53.223,-28.32,1094.546,308.49264148264984
932,1686190254.65,-287.598,-660.645,-310.059,-58.594,1094.55,325.06799306294977
933,1686190254.66,-131.348,-447.266,-71.777,-26.855,1094.554,317.5691386257123
934,1686190254.66,230.469,517.09,271.484,10.254,1094.557,311.46961290460223
935,1686190254.66,132.812,175.293,-20.02,-18.066,1094.561,317.03773997991743
936,1686190254.67,-233.398,-507.812,-248.535,-62.988,1094.564,311.30660385967593
937,1686190254.67,-215.82,-158.691,-6.348,-48.828,1094.568,317.25093796837314
938,1686190254.68,143.555,116.211,117.188,1.953,1094.571,313.4316516579439
939,1686190254.68,188.477,-254.883,-88.867,0.977,1094.575,316.25966555964135
940,1686190254.68,-160.156,-638.672,-286.621,-51.758,1094.579,318.5054972630657
941,1686190254.69,-276.855,-459.961,-156.25,-55.176,1094.583,314.20668748085484
942,1686190254.69,63.965,-43.457,62.988,-5.371,1094.587,314.35862681464914
943,1686190254.69,240.234,-228.027,-62.012,10.742,1094.591,314.88280239178323
944,1686190254.7,-65.43,-620.117,-198.242,-33.691,1094.595,313.24762836301096
945,1686190254.7,-288.086,-18.066,110.84,-63.477,1094.599,312.4712539688466
946,1686190254.71,-34.668,203.125,96.191,-19.043,1094.603,322.2093119290327
947,1686190254.71,245.605,43.457,98.145,14.16,1094.607,316.5017255110307
948,1686190254.72,60.547,116.211,109.375,-33.203,1094.623,316.29606905807236
949,1686190254.72,-268.066,170.41,61.035,-83.008,1094.627,313.43702125535583
950,1686190254.73,-146.973,96.191,41.992,-51.27,1094.63,314.2757770507818
951,1686190254.73,201.66,78.125,89.844,-2.441,1094.634,317.50756439485764
952,1686190254.74,151.855,171.875,131.348,-11.23,1094.638,310.1127117390568
953,1686190254.74,-205.566,-152.344,-112.305,-54.688,1094.642,322.3203405356357
954,1686190254.74,-233.887,-373.535,-215.332,-56.152,1094.646,320.46355369072137
955,1686190254.75,118.164,-518.555,-114.746,-13.184,1094.65,321.4739510518964
956,1686190254.75,226.074,-155.762,100.586,-10.254,1094.654,312.75434564516337
957,1686190254.75,-88.867,318.359,163.574,-57.129,1094.658,317.7972700462316
958,1686190254.76,243.164,387.695,184.082,0.488,1094.656,316.72240307187457
959,1686190254.76,-266.602,-93.262,-50.293,-67.383,1094.662,320.5037071220773
960,1686190254.76,50.293,-32.715,1.953,-14.648,1094.666,312.8845180998922
961,1686190254.76,-44.922,207.031,17.578,-54.199,1094.66,312.8373648382108
962,1686190254.77,-289.062,-516.602,-321.289,-69.824,1094.664,316.19413286936344
963,1686190254.77,-78.613,-656.738,-206.543,-34.18,1094.668,315.60346259047134
964,1686190254.77,246.094,174.316,170.898,-11.23,1094.672,316.3194782397573
965,1686190254.78,99.121,123.047,22.949,-35.156,1094.676,315.8684599789955
966,1686190254.78,-259.766,-683.594,-357.91,-65.43,1094.68,320.1101455923691
967,1686190254.78,-191.895,-708.496,-249.512,-38.086,1094.684,319.115858921546
968,1686190254.79,187.012,226.074,213.379,0.977,1094.688,311.3848548537909
969,1686190254.79,191.406,539.551,190.918,-8.789,1094.692,319.3963346034011
970,1686190254.8,-183.105,-342.773,-218.262,-44.434,1094.695,322.8730018637261
971,1686190254.8,-246.582,-586.914,-209.473,-47.363,1094.699,316.091226860017
972,1686190254.81,128.418,346.68,216.309,-6.836,1094.713,311.5041734112586
973,1686190254.81,241.699,470.703,171.387,-4.883,1094.717,314.16337860134695
974,1686190254.82,-94.727,5.371,-53.223,-53.711,1094.721,323.7495078905637
975,1686190254.82,-266.602,-58.105,-30.273,-62.012,1094.725,321.70193388638506
976,1686190254.82,26.367,96.191,85.938,-6.348,1094.729,309.63623352684016
977,1686190254.83,257.812,109.375,112.305,17.09,1094.733,314.6686647007128
978,1686190254.83,-2.441,-585.938,-281.738,-27.832,1094.737,314.05550424314845
979,1686190254.83,-291.992,-766.113,-294.434,-63.477,1094.741,316.90081585205405
980,1686190254.84,-78.125,158.203,175.293,-47.852,1094.745,318.926362192802
981,1686190254.84,236.328,278.32,100.586,-8.789,1094.749,314.277541084456
982,1686190254.85,103.516,57.617,37.109,-30.762,1094.752,317.59024941022403
983,1686190254.85,-165.527,160.156,91.309,-50.293,1094.758,321.0598702299025
984,1686190254.85,-231.445,51.758,38.086,-82.52,1094.756,314.41673017907726
985,1686190254.85,190.43,139.16,65.918,7.324,1094.762,316.02259095462637
986,1686190254.86,197.266,-162.598,-49.316,-7.324,1094.765,324.84464817236216
987,1686190254.86,-154.785,-214.844,-52.734,-53.711,1094.769,318.57736084538243
988,1686190254.86,-241.211,90.332,83.984,-56.152,1094.773,314.0251185272066
989,1686190254.87,91.309,-218.75,-68.359,-0.488,1094.777,312.37618041180144
990,1686190254.87,227.539,-646.973,-166.016,17.578,1094.781,313.78226855451
991,1686190254.87,-74.219,-261.23,-20.02,-44.922,1094.785,317.4533557680669
992,1686190254.88,-274.414,62.012,16.113,-63.477,1094.789,313.6705585257923
993,1686190254.88,-14.16,-395.996,-126.953,-4.883,1094.793,326.26666717200544
994,1686190254.89,241.699,-635.254,-143.555,19.531,1094.797,316.57769683333936
995,1686190254.89,49.805,124.512,155.273,-32.715,1094.801,315.0962230645066
996,1686190254.91,-255.371,63.965,14.648,-66.406,1094.804,312.1218688120156
997,1686190254.91,-106.445,-113.281,7.324,-24.414,1094.807,321.26034603651595
998,1686190254.92,234.375,291.992,173.828,14.16,1094.811,314.2186592369886
999,1686190254.92,147.949,467.773,146.973,-12.695,1094.815,311.6161113422105
1000,1686190254.92,-220.215,12.695,-58.105,-56.152,1094.819,325.04614191970194
1001,1686190254.93,-230.957,-509.766,-203.125,-52.734,1094.823,321.64825006509915
1002,1686190254.93,131.348,-152.344,20.996,-8.789,1094.827,312.3183153455698
1003,1686190254.93,210.938,412.109,207.031,-9.766,1094.831,316.24867915565994
1004,1686190254.94,-129.883,41.992,-44.434,-55.664,1094.835,313.95009849952066
1005,1686190254.94,-277.344,-715.82,-325.195,-65.43,1094.839,313.2784609379051
1006,1686190254.95,58.594,-269.043,-17.578,-20.508,1094.843,318.43821585030173
1007,1686190254.95,263.672,516.113,258.301,-0.488,1094.846,313.2571782779722
1008,1686190254.95,-41.504,-34.668,-99.609,-37.598,1094.849,310.3483542210214
1009,1686190254.96,-298.34,-610.352,-302.734,-60.059,1094.853,317.1343222887872
1010,1686190254.96,-47.852,-250.0,14.16,-24.902,1094.856,320.6592729904621
1011,1686190254.96,243.652,220.703,211.426,6.348,1094.86,324.1502083402032
1012,1686190254.97,58.594,-108.887,-69.336,-26.367,1094.864,324.83364502451894
1013,1686190254.97,-270.996,-853.516,-417.969,-62.988,1094.868,320.6007371716673
1014,1686190254.98,-145.02,-388.184,-69.824,-33.691,1094.872,315.13602492537854
1015,1686190254.98,215.82,392.578,245.117,3.418,1094.876,322.2945306999632
1016,1686190254.98,155.762,-168.457,-104.004,-6.836,1094.88,318.80593212417716
1017,1686190254.99,-218.262,-780.273,-315.43,-53.711,1094.884,319.86948283092346
1018,1686190254.99,-221.68,-41.504,75.684,-61.035,1094.888,320.07937842804546
1019,1686190255.0,146.973,296.875,138.672,-9.277,1094.892,316.7072361358927
1020,1686190255.0,230.957,-5.371,19.043,-7.324,1094.893,320.7697593375668
1021,1686190255.0,-99.121,-141.113,-18.555,-48.34,1094.897,316.2811855192138
1022,1686190255.0,-251.465,56.641,41.016,-54.199,1094.901,320.62023555230815
1023,1686190255.01,54.688,152.832,82.52,-5.859,1094.905,324.7862213954305
1024,1686190255.01,261.719,-87.402,-19.043,17.09,1094.909,321.5568356478451
1025,1686190255.02,-9.277,-434.57,-186.035,-25.391,1094.913,326.17984580765324
1026,1686190255.02,-279.297,-306.152,-104.98,-53.223,1094.917,323.71865625991666
1027,1686190255.02,-63.965,42.969,67.383,-20.996,1094.921,318.0092467524337
1028,1686190255.03,233.887,-344.238,-64.941,7.812,1094.925,321.78536283152846
1029,1686190255.03,95.703,-208.008,42.969,-24.414,1094.928,321.86190781444236
1030,1686190255.04,-225.586,7.324,-28.32,-57.129,1094.932,319.3349244004125
1031,1686190255.04,-161.133,-353.027,-211.426,-32.227,1094.936,320.1165319147187
1032,1686190255.04,197.266,20.508,57.617,7.324,1094.939,325.5409072395342
1033,1686190255.05,203.613,390.625,179.688,-5.859,1094.942,321.3068696731776
1034,1686190255.05,-148.438,7.324,-55.176,-47.363,1094.946,317.538811915484
1035,1686190255.05,-234.863,-603.027,-329.59,-44.434,1094.95,322.1955231687765
1036,1686190255.06,91.309,-753.418,-272.949,0.977,1094.954,319.8299003309973
1037,1686190255.06,242.676,-208.984,24.414,5.371,1094.958,324.0964864169594
1038,1686190255.07,-67.871,-92.773,-44.922,-43.945,1094.962,314.5026911587533
1039,1686190255.07,-284.18,-718.262,-366.699,-60.059,1094.966,311.27149173111286
1040,1686190255.07,1.953,-591.797,-167.48,-21.973,1094.97,321.7149413396662
1041,1686190255.08,265.625,442.383,265.137,-0.488,1094.974,324.0160006748351
1042,1686190255.08,30.273,432.129,105.957,-33.203,1094.978,314.2609896577457
1043,1686190255.08,-278.32,-109.863,-104.492,-64.941,1094.982,319.5829934552876
1044,1686190255.1,-102.051,36.621,42.48,-26.367,1094.998,322.818481293207
1045,1686190255.11,238.281,548.34,252.93,13.672,1095.002,316.77672341609235
1046,1686190255.11,132.324,379.883,104.004,-9.277,1095.006,323.70762013409046
1047,1686190255.11,-224.609,-120.605,-109.375,-51.758,1095.01,312.93273936648944
1048,1686190255.12,-190.918,-90.82,-30.273,-45.898,1095.014,328.4965000730851
1049,1686190255.12,172.363,76.172,99.121,5.859,1095.018,319.47884947130143
1050,1686190255.13,204.59,50.293,77.637,3.906,1095.022,318.9279344087701
1051,1686190255.13,-162.598,-685.547,-362.305,-36.621,1095.026,314.306496099999
1052,1686190255.13,-271.973,-3.418,31.25,-42.969,1095.029,321.8766068531597
1053,1686190255.13,-275.879,-731.445,-295.898,-44.922,1095.03,316.15958719543676
1054,1686190255.14,-11.719,322.266,211.426,-5.371,1095.032,318.4653197480384
1055,1686190255.14,89.844,269.531,216.309,-8.301,1095.034,321.05594068175185
1056,1686190255.14,246.582,-30.762,-15.137,25.879,1095.036,317.3864524257059
1057,1686190255.14,256.348,298.34,83.984,0.977,1095.038,315.8487710957777
1058,1686190255.14,39.551,-465.332,-202.637,-15.137,1095.04,311.44126206712343
1059,1686190255.14,-54.199,-70.801,-78.125,-33.203,1095.041,315.5357778893057
1060,1686190255.15,-256.348,-69.824,26.367,-58.594,1095.044,315.2774592925067
1061,1686190255.15,-110.84,-60.059,24.414,-30.762,1095.048,313.2308317300765
1062,1686190255.16,210.938,-409.668,-117.676,18.555,1095.052,316.30273058582867
1063,1686190255.16,136.719,-424.805,-129.883,0.488,1095.056,313.5782727079977
1064,1686190255.16,-211.914,-219.727,-60.547,-60.547,1095.06,311.72958497379926
1065,1686190255.17,-201.172,85.449,52.734,-46.387,1095.064,315.37143296420123
1066,1686190255.17,152.832,-208.496,-60.547,21.973,1095.068,319.9582341807292
1067,1686190255.18,191.895,-732.422,-220.215,15.625,1095.072,325.1735240628188
1068,1686190255.18,-135.254,-101.074,53.711,-46.387,1095.076,318.4523026778322
1069,1686190255.18,-250.977,71.289,42.48,-56.152,1095.079,315.56685128499083
1070,1686190255.19,66.406,56.152,86.914,-16.113,1095.083,318.5398611656301
1071,1686190255.19,259.277,403.32,205.078,10.742,1095.087,318.6837568398696
1072,1686190255.19,-22.461,295.41,78.125,-25.879,1095.091,329.08907579085803
1073,1686190255.2,-278.809,-211.426,-178.223,-52.734,1095.095,317.2466246853473
1074,1686190255.2,-52.734,-633.301,-207.031,-6.348,1095.099,322.0160829098118
1075,1686190255.2,255.371,-131.836,108.887,34.18,1095.103,315.26038722828224
1076,1686190255.21,101.562,458.984,201.66,-6.348,1095.107,323.2387319431148
1077,1686190255.21,-243.164,-21.484,-95.215,-60.059,1095.111,320.519491873061
1078,1686190255.22,-143.555,-345.215,-165.527,-25.391,1095.115,309.8492046938534
1079,1686190255.22,213.379,92.773,122.07,23.926,1095.119,311.69928507785585
1080,1686190255.22,182.617,479.004,207.52,-1.953,1095.132,314.75224595687655
1081,1686190255.23,-179.199,-105.957,-185.547,-45.898,1095.136,314.18043593736047
1082,1686190255.23,-229.004,-784.668,-438.965,-33.203,1095.14,314.7763576951407
1083,1686190255.24,137.207,-118.164,39.551,3.418,1095.144,316.201876915558
1084,1686190255.24,246.094,318.848,187.988,6.836,1095.148,323.510094133115
1085,1686190255.24,-101.562,-455.078,-260.742,-25.391,1095.152,319.9967335851165
1086,1686190255.25,-290.527,-1000.0,-462.891,-46.875,1095.156,317.74784583734424
1087,1686190255.25,23.926,-240.234,35.156,-14.648,1095.16,323.7696969935973
1088,1686190255.25,265.625,487.305,226.074,11.719,1095.164,325.10688811303714
1089,1686190255.26,-2.93,108.887,-12.207,-37.598,1095.167,321.2461689626366
1090,1686190255.26,-276.367,-83.984,-27.344,-75.684,1095.171,313.87952314079024
1091,1686190255.27,-57.617,287.598,172.363,-38.574,1095.175,322.435072084723
1092,1686190255.27,250.0,415.527,182.129,-3.418,1095.178,322.00447416177474
1093,1686190255.27,96.191,17.578,-16.602,-31.25,1095.182,321.05133508834615
1094,1686190255.28,-243.164,-165.527,-55.664,-72.266,1095.186,315.7779603977259
1095,1686190255.28,-166.504,102.539,95.215,-51.27,1095.19,316.5563636618279
1096,1686190255.29,187.988,334.473,118.652,5.859,1095.194,319.35833954752195
1097,1686190255.29,163.086,-296.875,-88.867,4.395,1095.197,323.8694906236629
1098,1686190255.29,-187.5,-499.512,-84.473,-50.781,1095.201,313.28024087993697
1099,1686190255.3,-238.281,76.172,97.656,-57.129,1095.205,320.89411144280473
1100,1686190255.3,104.492,143.555,80.078,-2.441,1095.209,326.2644223276983
1101,1686190255.3,221.68,-91.797,-4.883,4.395,1095.213,324.37874960310637
1102,1686190255.31,-91.797,-37.598,32.227,-57.617,1095.217,318.17599280973303
1103,1686190255.31,-270.02,72.266,50.781,-68.359,1095.221,311.43040737940026
1104,1686190255.34,14.16,3.906,20.508,-6.836,1095.238,323.6297525458057
1105,1686190255.35,255.859,147.461,83.984,14.648,1095.242,315.91170285707943
1106,1686190255.35,12.207,16.113,-28.32,-30.273,1095.246,319.61232097309187
1107,1686190255.35,-289.551,-394.531,-239.746,-71.289,1095.25,322.9002051265852
1108,1686190255.36,-115.234,-468.262,-218.262,-34.18,1095.254,312.74343909235876
1109,1686190255.36,199.707,-976.074,-433.105,22.949,1095.258,314.42157718252577
1110,1686190255.37,103.516,-696.777,-221.191,-14.16,1095.262,319.3537569151076
1111,1686190255.37,-214.355,88.379,79.102,-64.941,1095.266,324.9257312553052
1112,1686190255.37,-264.648,-186.035,-155.762,-63.477,1095.283,326.74669346307104
1113,1686190255.37,-188.477,-473.145,-255.371,-42.48,1095.27,315.6791166832316
1114,1686190255.38,64.941,133.301,100.098,-21.973,1095.286,316.4074701476041
1115,1686190255.38,158.203,-411.621,-107.91,-5.371,1095.273,323.179629169609
1116,1686190255.38,241.211,541.016,264.16,-8.789,1095.29,324.83708298731335
1117,1686190255.38,214.355,475.098,236.816,-13.184,1095.277,320.1004557264277
1118,1686190255.38,-61.035,222.168,17.09,-45.41,1095.294,322.3798094889804
1119,1686190255.38,-137.695,240.234,10.742,-56.641,1095.281,313.03424478339343
1120,1686190255.39,-301.758,-262.695,-154.785,-64.453,1095.298,319.1413521903023
1121,1686190255.39,-38.086,-274.414,-41.992,-23.438,1095.302,308.6512378554548
1122,1686190255.4,238.281,-29.297,72.266,5.371,1095.306,315.5689018165486
1123,1686190255.4,32.715,-152.344,-67.871,-25.879,1095.31,315.8542595285611
1124,1686190255.4,-281.738,-415.039,-142.578,-70.312,1095.314,322.8468811025132
1125,1686190255.41,-127.93,-16.602,78.613,-45.41,1095.318,313.61403170152056
1126,1686190255.41,219.238,451.172,222.168,-0.488,1095.322,322.4678431695158
1127,1686190255.42,136.23,191.895,45.898,-14.16,1095.326,318.460606847397
1128,1686190255.42,-237.305,-764.16,-429.199,-45.898,1095.313,321.84844369403703
1129,1686190255.42,-224.609,-538.574,-166.992,-39.062,1095.317,326.89899643742353
1130,1686190255.42,152.832,194.824,205.566,0.977,1095.321,321.9835793916277
1131,1686190255.43,211.426,-202.637,-94.238,7.812,1095.325,318.90023468904053
1132,1686190255.43,-127.93,-595.215,-272.461,-32.715,1095.329,317.37234727054533
1133,1686190255.44,-257.812,-383.789,-149.414,-56.152,1095.333,322.46380600565635
1134,1686190255.44,57.129,-22.461,37.598,-20.996,1095.337,323.2073648061676
1135,1686190255.44,241.211,-200.684,-62.012,-3.906,1095.341,318.10919929393555
1136,1686190255.45,-45.898,-820.312,-382.324,-31.25,1095.345,318.665404177067
1137,1686190255.45,-284.18,-367.188,-86.426,-67.871,1095.349,313.37081648456615
1138,1686190255.46,-35.156,184.082,137.207,-40.039,1095.352,321.80972801518794
1139,1686190255.46,236.816,-183.105,-37.598,12.207,1095.356,327.137332159391
1140,1686190255.46,60.059,-272.949,-49.316,-24.414,1095.358,321.7344915445579
1141,1686190255.47,-242.676,156.25,65.43,-77.148,1095.362,325.3604934056922
1142,1686190255.47,-136.719,163.086,50.293,-44.922,1095.366,322.25712270674916
1143,1686190255.47,203.613,256.836,125.977,0.0,1095.37,320.21318711825865
1144,1686190255.48,161.621,371.582,138.672,-16.113,1095.374,314.99652655552245
1145,1686190255.48,-195.312,-67.383,-93.262,-56.641,1095.378,316.29640737290634
1146,1686190255.49,-230.469,-321.777,-209.473,-51.758,1095.382,328.1172779948479
1147,1686190255.49,115.234,-463.867,-98.145,0.488,1095.386,322.60650077041623
1148,1686190255.49,230.957,-80.078,106.934,4.883,1095.39,322.6603662759578
1149,1686190255.5,-78.613,382.812,118.652,-45.898,1095.393,315.191774832155
1150,1686190255.5,-262.207,-66.406,-49.316,-53.223,1095.397,315.78923123902905
1151,1686190255.5,37.598,-215.332,-36.133,-5.859,1095.401,319.4719846424763
1152,1686190255.52,274.902,281.25,141.602,17.578,1095.422,317.29071804524307
1153,1686190255.53,24.414,465.82,157.715,-27.344,1095.426,321.78238640572914
1154,1686190255.53,-269.531,-305.664,-231.934,-65.43,1095.43,315.88123486987195
1155,1686190255.54,-93.262,-847.656,-349.121,-23.926,1095.433,323.30940472461975
1156,1686190255.54,231.445,-30.762,112.305,10.254,1095.437,322.74559948505987
1157,1686190255.54,104.492,242.676,98.633,-23.926,1095.441,324.01827624919156
1158,1686190255.55,-257.812,-596.191,-325.684,-59.57,1095.445,322.98445430049304
1159,1686190255.55,-193.848,-679.688,-236.328,-34.18,1095.449,311.0743964723472
1160,1686190255.55,187.988,291.016,203.125,6.836,1095.453,314.53685258736294
1161,1686190255.56,104.492,412.598,215.82,-9.766,1095.454,317.00148106880135
1162,1686190255.56,193.359,524.414,171.875,-8.301,1095.457,321.96310534078793
1163,1686190255.56,250.488,431.641,149.902,0.977,1095.458,318.86814349209664
1164,1686190255.56,-176.758,23.438,-40.527,-60.059,1095.461,324.4603640920003
1165,1686190255.56,-70.312,-65.43,-91.309,-37.109,1095.462,323.22877767765146
1166,1686190255.57,-253.418,-58.594,-12.207,-56.641,1095.465,320.25422573081
1167,1686190255.57,-277.832,-134.766,-63.477,-59.082,1095.466,321.2351414248717
1168,1686190255.57,11.719,201.172,115.723,-20.508,1095.47,316.73456559379434
1169,1686190255.58,254.883,105.957,61.035,7.324,1095.474,319.04576480973776
1170,1686190255.58,13.672,-304.688,-154.785,-25.391,1095.477,322.0889043305574
1171,1686190255.58,-280.273,-249.023,-111.816,-63.965,1095.481,314.65916550532427
1172,1686190255.59,-91.309,136.23,108.398,-26.367,1095.485,314.6029974297832
1173,1686190255.59,248.535,302.734,122.559,26.855,1095.489,322.76342702234996
1174,1686190255.59,105.957,-576.66,-290.527,3.418,1095.493,321.9642760645179
1175,1686190255.6,-180.664,110.352,103.516,-47.363,1095.508,321.37519494504375
1176,1686190255.6,-248.535,-750.0,-280.762,-51.27,1095.497,314.9687303415167
1177,1686190255.6,173.828,175.293,64.941,-0.977,1095.512,320.30010261557874
1178,1686190255.6,194.824,-142.09,-26.367,-8.301,1095.516,320.86613412431467
1179,1686190255.61,-150.879,-142.09,-28.809,-58.105,1095.52,314.93258316737877
1180,1686190255.61,-256.348,-107.422,-73.242,-66.406,1095.524,321.66577207861087
1181,1686190255.62,76.66,-343.262,-142.09,-5.859,1095.527,325.6870271983444
1182,1686190255.62,223.145,-947.266,-390.625,21.484,1095.531,323.30779798665617
1183,1686190255.62,-65.918,-716.309,-242.676,-30.762,1095.535,315.92816255511707
1184,1686190255.63,-253.418,-49.805,21.973,-50.781,1095.539,321.4370853305338
1185,1686190255.63,-7.812,-15.137,56.641,-13.184,1095.543,315.9994209520296
1186,1686190255.64,252.441,307.129,179.688,15.625,1095.547,320.8459999067166
1187,1686190255.64,49.805,429.688,135.254,-14.16,1095.551,312.77346270193345
1188,1686190255.66,-268.066,89.844,25.879,-56.641,1095.556,322.88492784894885
1189,1686190255.66,-120.117,-71.777,16.602,-32.227,1095.559,313.32166314997005
1190,1686190255.67,220.703,248.047,163.574,8.789,1095.563,323.7478201734069
1191,1686190255.67,157.227,469.727,190.43,-6.836,1095.567,324.85781042610694
1192,1686190255.67,-195.801,19.043,-80.078,-47.363,1095.571,324.66521502520754
1193,1686190255.68,-208.008,-470.703,-216.797,-37.109,1095.575,318.840211086196
1194,1686190255.68,146.484,-141.602,20.508,-1.953,1095.579,324.70473796572514
1195,1686190255.68,219.238,209.473,160.645,-0.977,1095.583,322.74303452799694
1196,1686190255.69,-114.258,2.93,-47.363,-37.598,1095.587,320.7518909930288
1197,1686190255.69,-276.367,-717.773,-365.234,-43.945,1095.591,318.731783824319
1198,1686190255.7,42.969,-361.816,-9.277,-6.836,1095.595,319.4160803443644
1199,1686190255.7,268.555,469.727,274.902,-1.953,1095.599,326.79735823100714
1200,1686190255.7,-18.555,49.316,-65.43,-42.48,1095.598,312.656320402069
1201,1686190255.71,-282.227,-280.762,-182.617,-64.941,1095.602,317.3386599017771
1202,1686190255.71,-43.945,-143.555,38.086,-25.879,1095.606,315.46993778121674
1203,1686190255.71,254.883,195.312,176.758,9.277,1095.61,325.35281687240695
1204,1686190255.72,79.102,-55.176,-41.016,-11.23,1095.614,327.49277298129016
1205,1686190255.72,-254.883,-675.781,-332.031,-49.316,1095.618,318.8157104754347
1206,1686190255.73,-133.789,-249.023,-60.547,-28.32,1095.622,325.1821707654901
1207,1686190255.73,231.934,420.898,229.492,20.996,1095.626,314.56206022674047
1208,1686190255.73,192.871,-126.465,-126.953,11.719,1095.63,316.5164211430558
1209,1686190255.74,-179.199,-1000.0,-506.836,-28.809,1095.633,313.68089432160446
1210,1686190255.74,-209.473,-452.637,-75.684,-29.785,1095.637,330.9928633365657
1211,1686190255.74,161.621,311.523,187.012,20.508,1095.641,315.9749877177141
1212,1686190255.75,245.605,43.945,38.086,25.391,1095.643,323.85047953270015
1213,1686190255.75,-107.91,-164.062,-25.879,-31.25,1095.647,321.17103393896605
1214,1686190255.76,-274.414,102.051,58.594,-52.734,1095.651,325.42240707019374
1215,1686190255.76,50.293,220.215,104.004,-9.766,1095.655,320.9816289594545
1216,1686190255.76,280.273,217.285,140.625,22.949,1095.659,320.8193625192881
1217,1686190255.77,12.207,-44.922,3.906,-15.625,1095.663,323.6921463343549
1218,1686190255.77,-267.578,-268.555,-168.945,-45.41,1095.667,315.5895187752548
1219,1686190255.77,-57.129,-34.18,6.836,-7.812,1095.671,324.37705850721005
1220,1686190255.78,247.07,-343.262,-18.066,26.855,1095.675,318.9821634055354
1221,1686190255.78,106.445,-233.887,33.203,-14.648,1095.678,321.4724929032169
1222,1686190255.79,-216.309,222.168,112.305,-60.547,1095.682,326.68785189880674
1223,1686190255.79,-151.855,-88.379,-6.836,-34.18,1095.686,324.7425809342605
1224,1686190255.79,197.266,-145.02,43.457,11.23,1095.689,318.07321454485685
1225,1686190255.8,208.984,227.051,137.695,5.859,1095.693,322.61993788160646
1226,1686190255.8,-151.367,-0.977,-53.711,-44.434,1095.697,325.71563712553535
1227,1686190255.8,-241.211,-539.062,-329.59,-43.945,1095.701,322.38635574973983
1228,1686190255.81,88.379,-744.141,-290.527,0.977,1095.705,320.2143994189733
1229,1686190255.81,236.328,-249.512,52.246,0.0,1095.709,326.78852278836735
1230,1686190255.82,-64.941,-5.371,21.973,-51.27,1095.713,320.5826005322608
1231,1686190255.82,-285.645,-617.188,-324.219,-65.43,1095.717,319.39503773876527
1232,1686190255.82,1.465,-597.656,-169.922,-15.137,1095.721,322.7083383974831
1233,1686190255.83,277.832,394.043,243.652,7.324,1095.724,318.2786107099378
1234,1686190255.83,41.992,433.105,106.934,-30.273,1095.728,323.124241606263
1235,1686190255.84,-279.785,-225.586,-114.746,-64.941,1095.732,313.72935104166567
1236,1686190255.84,-93.262,-109.375,57.129,-35.156,1095.734,319.4509447511844
1237,1686190255.84,228.027,504.395,223.633,3.418,1095.738,318.97471393949326
1238,1686190255.84,103.516,299.316,33.203,-15.137,1095.741,323.10729829952294
1239,1686190255.85,-220.215,-236.816,-134.277,-55.176,1095.745,320.46761631512106
1240,1686190255.85,-189.941,-88.867,21.484,-41.504,1095.749,331.6223252844023
1241,1686190255.86,160.645,165.039,152.344,11.23,1095.753,319.00939229672014
1242,1686190255.86,196.777,59.57,63.477,10.742,1095.757,321.09073724298304
1243,1686190255.86,-166.504,-644.043,-302.246,-30.762,1095.761,321.9927291676343
1244,1686190255.87,-273.926,-585.938,-193.359,-46.875,1095.765,316.30307651087406
1245,1686190255.87,83.496,386.719,249.512,-2.441,1095.769,316.73242626504566
1246,1686190255.88,244.629,326.66,104.492,18.555,1095.773,321.7863773123084
1247,1686190255.88,-56.152,-106.934,-110.84,-25.879,1095.777,314.511159967745
1248,1686190255.9,-282.715,-67.383,-16.113,-53.711,1095.793,320.1325053666616
1249,1686190255.9,-11.23,273.926,175.293,-19.043,1095.797,322.0820967053131
1250,1686190255.9,256.348,-16.113,-31.25,22.949,1095.801,318.25403807964943
1251,1686190255.91,29.785,-494.629,-174.805,-13.672,1095.805,317.64018270087604
1252,1686190255.91,-284.668,-216.797,-49.316,-64.453,1095.809,324.7446612631757
1253,1686190255.92,-137.207,-78.125,-30.762,-30.762,1095.813,316.78989923843164
1254,1686190255.92,196.777,-291.504,-83.008,15.625,1095.817,321.75410690975104
1255,1686190255.92,108.887,-798.34,-293.945,-7.324,1095.821,317.0791971605382
1256,1686190255.93,-221.191,-304.199,-10.254,-58.594,1095.824,315.4256377485606
1257,1686190255.93,-122.559,328.125,90.332,-42.969,1095.826,317.5831646233662
1258,1686190255.93,-205.078,90.332,59.082,-49.316,1095.828,316.25848240549215
1259,1686190255.93,-268.066,56.641,-17.578,-59.082,1095.83,317.6725917704146
1260,1686190255.94,145.996,57.129,102.539,0.977,1095.832,320.6825875164557
1261,1686190255.94,44.922,17.578,57.617,-7.812,1095.834,309.41279798488955
1262,1686190255.94,216.309,345.215,210.938,8.301,1095.836,322.251022942074
1263,1686190255.94,253.418,301.758,192.383,10.742,1095.838,317.62703348245384
1264,1686190255.94,-19.043,291.992,47.363,-38.086,1095.841,317.4719743155573
1265,1686190255.95,-283.691,-262.207,-223.145,-65.43,1095.845,313.31143487912817
1266,1686190255.95,-51.27,-342.773,-49.805,-30.762,1095.849,320.91524814793826
1267,1686190255.96,252.93,156.738,147.461,-2.93,1095.853,321.53967001822457
1268,1686190255.96,83.984,122.07,60.059,-28.809,1095.857,316.2696107626567
1269,1686190255.96,-241.211,-133.789,-66.406,-58.105,1095.861,316.13677847554413
1270,1686190255.97,-161.133,-789.062,-360.352,-35.156,1095.865,322.45943250587123
1271,1686190255.97,189.941,-448.242,-95.703,-2.441,1095.869,323.7738905228748
1272,1686190255.97,185.059,441.895,218.75,-26.367,1095.883,324.2597680765215
1273,1686190255.98,-180.176,-67.871,-133.789,-70.801,1095.887,315.6678931522087
1274,1686190255.98,-240.234,-510.742,-306.152,-64.941,1095.891,318.38572816486356
1275,1686190255.98,126.953,74.707,67.871,-17.578,1095.895,314.6848102334222
1276,1686190255.99,230.469,439.941,186.035,-9.766,1095.899,320.8957955423148
1277,1686190255.99,-125.488,-366.699,-253.906,-49.805,1095.903,322.96561406725124
1278,1686190256.0,-312.012,-1000.0,-515.137,-63.965,1095.906,315.63406699768757
1279,1686190256.0,10.254,-253.418,30.762,-34.668,1095.91,321.86501404504975
1280,1686190256.0,260.254,493.164,255.371,-3.418,1095.914,325.2748662988953
1281,1686190256.01,-14.16,97.656,-23.926,-36.621,1095.918,314.2094962211909
1282,1686190256.01,-300.781,-331.055,-223.145,-78.613,1095.922,320.50968855875203
1283,1686190256.02,-84.961,-65.918,-5.371,-42.48,1095.926,329.5614391719813
1284,1686190256.04,244.141,434.082,198.73,3.418,1095.934,315.00864067858765
1285,1686190256.04,83.496,-147.949,-38.574,-22.949,1095.938,317.13966909678686
1286,1686190256.04,-268.066,-466.309,-83.496,-74.707,1095.942,319.4216609193927
1287,1686190256.05,-176.27,116.211,87.891,-50.781,1095.946,322.4945533114644
1288,1686190256.05,188.477,352.051,156.738,2.441,1095.95,323.8738893854616
1289,1686190256.06,171.875,-57.617,-22.949,-13.672,1095.954,322.99530243733227
1290,1686190256.06,-189.453,-323.73,-164.551,-69.824,1095.958,319.77688585632956
1291,1686190256.06,-249.023,-20.02,-4.395,-65.43,1095.962,322.21695214998556
1292,1686190256.07,100.586,129.883,67.871,-18.555,1095.965,317.0878529872371
1293,1686190256.07,227.051,-193.359,-55.176,-2.93,1095.969,318.64421333171174
1294,1686190256.07,-79.59,-101.074,-4.395,-50.781,1095.973,322.53580975555354
1295,1686190256.08,-274.902,161.621,69.824,-75.684,1095.977,320.5441260756291
