,timestamps,TP9,AF7,AF8,TP10,Secondary Timestamp,emg_signal
0,1686362472.46,-43.457,-9.766,1.465,41.016,1549.396,350.22376773578975
1,1686362472.46,-75.684,-188.477,-60.059,8.789,1549.4,358.29562232168763
2,1686362472.46,-61.523,-558.105,-21.484,48.828,1549.403,339.5812711059216
3,1686362472.47,-27.832,99.609,77.148,57.617,1549.407,346.61860290479643
4,1686362472.47,-7.812,550.293,1.465,5.859,1549.411,346.14999479790816
5,1686362472.48,-23.438,-290.039,-67.871,-0.977,1549.415,348.9214028433586
6,1686362472.48,-19.043,-409.18,-11.719,55.176,1549.419,356.5553263176547
7,1686362472.48,12.695,381.836,34.18,152.832,1549.423,355.4545226057752
8,1686362472.49,-1.465,312.988,-29.785,166.504,1549.427,350.4269747829701
9,1686362472.49,-32.227,-185.059,-24.902,82.52,1549.431,361.65987622639466
10,1686362472.5,-31.25,-107.422,22.949,15.625,1549.435,358.4557725060051
11,1686362472.5,-20.02,202.148,13.184,-24.902,1549.439,362.64740051411087
12,1686362472.5,-22.949,106.934,-8.789,-43.457,1549.412,362.2937138987324
13,1686362472.51,-36.621,-125.0,-9.277,-65.918,1549.415,355.0235338742616
14,1686362472.51,-30.762,-241.699,-23.438,-68.848,1549.419,359.00821066634416
15,1686362472.52,-11.719,-157.227,-0.977,-46.875,1549.423,352.46538463391414
16,1686362472.52,-0.488,137.207,1.465,-31.738,1549.427,351.4118131877375
17,1686362472.52,-26.367,-545.41,-61.035,-41.016,1549.431,354.2052911504846
18,1686362472.53,-69.824,-568.848,17.09,-63.477,1549.435,358.7577507711388
19,1686362472.53,-78.613,381.348,45.41,-72.266,1549.439,344.5432934244131
20,1686362472.54,-78.613,161.621,-19.531,-50.781,1549.443,345.67085172537884
21,1686362472.54,-77.148,-113.77,-15.137,-62.012,1549.447,347.7292216779984
22,1686362472.54,-78.125,47.363,0.0,-88.379,1549.451,352.1451628870362
23,1686362472.55,-73.73,-110.84,-5.371,-38.086,1549.454,345.96410182472925
24,1686362472.56,-53.711,-333.008,-17.09,-1.953,1549.457,358.3446442100474
25,1686362472.56,-44.922,-152.832,-14.648,-0.488,1549.461,350.0301553545745
26,1686362472.57,-55.176,132.812,-0.977,-1.953,1549.465,349.8769953583738
27,1686362472.57,-47.852,154.785,-11.719,11.23,1549.469,350.2779600435907
28,1686362472.58,-27.832,-248.047,-43.945,58.594,1549.473,351.96608872535796
29,1686362472.58,-20.508,-695.312,-18.555,83.496,1549.477,352.2320441092532
30,1686362472.58,-29.785,-218.262,42.969,50.293,1549.481,356.3115479269289
31,1686362472.59,-39.551,288.574,13.672,10.254,1549.485,352.05230414853
32,1686362472.59,-22.461,-176.27,-37.598,51.27,1549.489,354.9157612873011
33,1686362472.6,-7.324,-475.098,1.465,81.055,1549.492,366.41314262183135
34,1686362472.6,-21.484,355.957,47.852,8.789,1549.496,358.50554553641416
35,1686362472.6,-32.227,290.527,-35.645,-51.27,1549.5,354.540769681793
36,1686362472.61,-25.879,-86.914,-23.926,-28.809,1549.502,353.9374249558552
37,1686362472.61,-11.23,109.375,10.254,21.973,1549.506,337.32929729673214
38,1686362472.61,-10.742,208.496,-14.648,35.156,1549.51,363.3348734146325
39,1686362472.62,-29.297,-28.809,-33.691,41.016,1549.514,355.0683020809488
40,1686362472.62,-42.48,-227.051,-30.762,86.914,1549.518,349.8870374438505
41,1686362472.63,-44.434,-210.449,-19.531,134.277,1549.522,345.708372506402
42,1686362472.63,-49.805,28.809,-19.043,121.582,1549.526,364.39064507180973
43,1686362472.63,-69.824,130.371,-37.109,50.781,1549.53,341.95069780963905
44,1686362472.64,-79.102,-661.621,-44.434,25.879,1549.534,353.44682582866074
45,1686362472.64,-54.199,-425.293,27.344,30.762,1549.537,352.9621123909863
46,1686362472.64,-37.109,658.691,30.273,-10.254,1549.541,355.2217834676363
47,1686362472.65,-49.316,125.488,-65.43,-77.637,1549.545,354.11634285563014
48,1686362472.65,-51.27,-286.133,-22.949,-98.633,1549.547,350.8138957971659
49,1686362472.66,-49.316,280.762,26.855,-47.852,1549.551,361.9429841647188
50,1686362472.66,-37.109,449.707,-19.531,-5.859,1549.555,362.8150622177761
51,1686362472.66,-20.02,34.668,-39.062,-12.695,1549.559,343.8596974136998
52,1686362472.67,-25.391,-177.246,-39.062,-38.086,1549.563,354.4871451961356
53,1686362472.67,-32.227,-82.52,-35.156,-44.922,1549.567,373.24899812867216
54,1686362472.67,-14.648,50.781,-18.066,-5.859,1549.571,355.7363504100243
55,1686362472.68,-0.488,-169.434,-43.457,3.906,1549.575,362.61386443853274
56,1686362472.68,-4.883,-303.711,-15.137,8.301,1549.579,354.2264590852018
57,1686362472.69,-5.371,398.438,20.02,83.984,1549.583,350.2036269436335
58,1686362472.69,-20.996,348.633,-43.945,142.578,1549.586,358.8032208994867
59,1686362472.69,-29.297,-94.238,-9.277,123.535,1549.59,356.81032365192925
60,1686362472.7,-30.762,109.375,24.902,46.387,1549.593,346.42417724418095
61,1686362472.7,-38.574,428.711,-29.785,-18.555,1549.597,356.82646461716814
62,1686362472.71,-18.555,218.262,-45.41,41.016,1549.6,352.36099899570405
63,1686362472.71,3.906,140.137,-17.578,111.328,1549.604,359.6671316377784
64,1686362472.71,-19.531,206.543,-40.527,97.656,1549.608,350.3116402020201
65,1686362472.72,-33.691,0.977,-58.594,111.816,1549.612,362.6719654693837
66,1686362472.72,-33.203,34.18,-38.574,136.719,1549.616,348.66461898181507
67,1686362472.72,-26.855,-160.645,-15.625,125.977,1549.62,365.7103015137417
68,1686362472.73,-19.043,50.781,23.438,75.684,1549.624,365.0456560318864
69,1686362472.73,-29.297,580.566,-14.648,31.25,1549.628,359.2452663047237
70,1686362472.74,-10.254,325.684,-49.316,52.246,1549.632,357.418305345137
71,1686362472.74,17.578,64.941,-56.641,115.723,1549.636,359.92288811611576
72,1686362472.74,-5.859,147.461,-40.527,112.793,1549.641,358.82671968918083
73,1686362472.75,-24.902,359.863,-15.137,41.016,1549.645,358.0177763686603
74,1686362472.75,-32.715,163.574,-65.43,-12.207,1549.648,367.82029522917753
75,1686362472.75,-30.762,-273.438,-36.621,2.93,1549.652,371.5992310588428
76,1686362472.76,-24.414,305.176,27.832,26.367,1549.656,358.29026827356
77,1686362472.76,-52.734,500.0,-48.828,15.625,1549.66,351.95774320828957
78,1686362472.76,-56.641,-69.336,-61.523,41.016,1549.664,364.86801149489014
79,1686362472.77,-35.156,-77.637,-8.789,78.125,1549.668,358.40708567381074
80,1686362472.77,-30.273,717.285,25.391,83.984,1549.672,347.3073247010564
81,1686362472.78,-47.363,669.922,-59.57,61.523,1549.676,367.79749919905765
82,1686362472.78,-67.871,174.316,-57.617,30.762,1549.68,360.81442343492665
83,1686362472.78,-53.223,275.391,-3.418,98.633,1549.684,347.8575086415739
84,1686362472.79,-11.719,514.16,-7.812,159.668,1549.696,344.080801109869
85,1686362472.79,-13.672,384.766,-41.504,94.238,1549.7,371.62752602686345
86,1686362472.79,-38.574,115.723,-51.27,14.16,1549.704,359.46841971266355
87,1686362472.8,-34.668,60.059,-20.996,11.719,1549.708,351.3288842517212
88,1686362472.8,-19.043,225.586,-28.32,27.344,1549.712,357.7727338130448
89,1686362472.81,-15.625,308.105,-54.199,-11.719,1549.716,365.4636453895264
90,1686362472.81,-38.574,-388.672,-69.336,-66.895,1549.72,349.21972669865875
91,1686362472.81,-50.781,-321.777,-14.16,-43.945,1549.723,364.7420096613403
92,1686362472.82,-23.438,755.371,24.414,19.043,1549.727,350.0194437642655
93,1686362472.82,0.977,611.328,-39.551,38.086,1549.731,346.8502444546915
94,1686362472.82,-7.324,291.016,-55.176,25.879,1549.735,356.33093568365086
95,1686362472.83,-30.273,162.109,-41.016,24.414,1549.739,364.69952026009656
96,1686362472.83,-40.527,266.113,-13.184,33.691,1549.744,365.2763913588841
97,1686362472.84,-47.363,291.016,-55.176,21.973,1549.748,355.86902798367845
98,1686362472.84,-60.547,-42.48,-58.105,-7.812,1549.752,356.8122155178972
99,1686362472.84,-55.176,351.074,12.695,-8.301,1549.756,355.9550130591635
100,1686362472.85,-25.879,509.766,-21.973,21.973,1549.759,355.0189985605396
101,1686362472.85,-3.906,-55.176,-58.594,50.781,1549.763,337.10652804197326
102,1686362472.85,-9.277,-274.902,-41.992,38.086,1549.767,366.8743944933356
103,1686362472.86,-35.645,331.543,-0.977,4.883,1549.771,351.04859982142233
104,1686362472.86,-39.062,584.473,-23.926,12.695,1549.775,349.2396715787208
105,1686362472.87,-21.973,-67.383,-61.523,43.945,1549.779,359.69250757729446
106,1686362472.87,-20.996,-136.719,-18.555,25.391,1549.783,344.1374540599968
107,1686362472.87,-34.18,550.781,-5.859,-38.086,1549.787,352.52389057923347
108,1686362472.89,-42.48,338.867,-50.293,-53.711,1549.787,343.9317365739464
109,1686362472.9,-21.973,117.676,-21.973,5.371,1549.791,353.7838302967005
110,1686362472.9,-5.371,258.789,-12.695,41.504,1549.795,371.6240355695767
111,1686362472.9,-4.883,309.082,-47.852,18.555,1549.799,365.9190047037358
112,1686362472.91,-4.395,140.625,-58.105,26.855,1549.803,364.23940824942895
113,1686362472.91,-9.766,-156.738,-33.203,76.172,1549.807,357.39069946477116
114,1686362472.91,-5.859,90.82,-9.766,122.559,1549.811,366.21481115295325
115,1686362472.92,-1.953,428.223,-31.25,102.539,1549.815,353.43340459190364
116,1686362472.92,-9.277,144.043,-66.406,39.062,1549.819,350.39916182108385
117,1686362472.93,0.488,-548.34,-46.875,39.062,1549.823,352.5368047604202
118,1686362472.93,15.625,-88.379,19.043,50.293,1549.826,359.77750603811944
119,1686362472.93,4.883,526.367,-26.855,21.973,1549.83,352.20443539768706
120,1686362472.94,-25.879,13.184,-82.031,-9.277,1549.832,348.85911956611807
121,1686362472.94,-38.574,-124.023,-29.785,-7.324,1549.836,350.6640936675355
122,1686362472.94,-24.902,339.844,17.578,10.254,1549.84,358.7492040180932
123,1686362472.95,0.0,557.617,-31.738,-1.465,1549.844,345.247610973679
124,1686362472.95,5.859,158.203,-51.758,-18.066,1549.848,345.97110588224444
125,1686362472.96,2.93,-242.188,-36.621,-8.301,1549.852,358.90275985828333
126,1686362472.96,10.742,105.957,-6.348,27.344,1549.856,349.53144230679794
127,1686362472.96,20.508,536.621,-22.461,57.129,1549.86,346.13117719786067
128,1686362472.97,9.277,-124.512,-76.66,69.336,1549.864,353.69036844856186
129,1686362472.97,-15.625,-463.867,-37.598,81.543,1549.868,362.1263743125315
130,1686362472.98,-1.953,337.402,-1.953,88.867,1549.871,350.26683042752916
131,1686362472.98,18.555,281.738,-63.965,72.754,1549.875,362.90190957733887
132,1686362473.0,22.461,-142.09,-28.809,31.25,1549.902,354.0392431597941
133,1686362473.0,10.742,50.293,16.602,-12.207,1549.905,366.9460075204923
134,1686362473.0,5.371,377.441,-27.344,-9.766,1549.909,362.41513296410363
135,1686362473.01,13.184,231.445,-34.18,4.395,1549.913,349.3835265023135
136,1686362473.01,1.953,65.43,-39.062,-4.883,1549.917,369.0460950229445
137,1686362473.02,-25.391,-85.449,-51.758,-7.324,1549.921,342.65152998460366
138,1686362473.02,-50.293,38.574,-22.949,6.348,1549.925,365.36378862934566
139,1686362473.02,-50.781,218.75,-50.293,46.875,1549.929,353.0134426298784
140,1686362473.03,-43.945,-341.797,-34.668,67.383,1549.933,349.81058132268134
141,1686362473.03,-61.035,-40.527,34.668,46.387,1549.937,372.5465914833704
142,1686362473.04,-77.637,508.789,-25.391,56.152,1549.941,347.13801598805065
143,1686362473.04,-65.918,19.531,-80.566,117.188,1549.944,362.49686263577905
144,1686362473.06,-40.039,-145.996,-25.391,125.0,1549.956,369.9616234105018
145,1686362473.06,-42.48,178.711,-4.395,19.043,1549.96,369.68662303529595
146,1686362473.06,-46.387,253.906,-43.457,-34.668,1549.964,377.1256300064354
147,1686362473.07,-16.602,9.277,-59.57,37.598,1549.968,373.7611572744473
148,1686362473.07,-71.777,-530.762,-8.789,76.172,1549.967,363.4219335494866
149,1686362473.07,-21.973,-62.988,-62.5,36.133,1549.972,372.46525966846593
150,1686362473.08,-63.965,515.625,22.461,86.914,1549.971,377.9952256512806
151,1686362473.08,-65.43,104.98,-37.109,-37.109,1549.976,371.9556986528012
152,1686362473.08,-63.477,529.297,-52.734,60.547,1549.975,370.7432869699524
153,1686362473.08,-94.238,170.898,-42.48,-87.402,1549.98,371.40705244723966
154,1686362473.08,-60.547,87.402,-47.363,37.109,1549.979,371.66522485538627
155,1686362473.08,-84.961,0.0,-20.508,-87.402,1549.984,381.40178819956293
156,1686362473.09,-50.781,85.449,-22.461,68.848,1549.983,371.47655820981385
157,1686362473.09,-53.711,7.324,11.23,-11.23,1549.988,384.0533375328761
158,1686362473.09,-27.344,147.949,-36.133,94.727,1549.986,383.1880370881614
159,1686362473.09,-50.781,420.898,-22.949,35.645,1549.991,369.91536537139683
160,1686362473.09,-14.648,105.957,-42.48,75.684,1549.99,354.54011155905727
161,1686362473.1,-63.477,338.379,-56.152,33.203,1549.995,355.80744635939436
162,1686362473.1,-26.367,70.801,-18.066,46.387,1549.994,377.4387760874362
163,1686362473.1,-75.684,-380.371,-75.684,43.457,1549.999,357.03810626557123
164,1686362473.1,-36.133,270.508,-7.324,72.266,1549.998,370.9203037135267
165,1686362473.11,-20.02,460.449,-24.902,135.742,1550.002,368.1508777856935
166,1686362473.11,8.301,279.297,-62.988,135.254,1550.006,366.4554159165866
167,1686362473.11,7.812,-179.688,-68.848,79.102,1550.01,388.73351001309885
168,1686362473.12,1.465,40.039,-28.809,83.008,1550.012,380.39480973913834
169,1686362473.12,18.555,424.316,-26.855,135.254,1550.016,358.7336090616297
170,1686362473.12,30.762,245.117,-73.73,116.211,1550.02,372.4100654716371
171,1686362473.13,7.812,-644.043,-110.84,35.645,1550.024,378.3076290974596
172,1686362473.13,-25.391,-449.707,-20.02,3.906,1550.028,364.12188871190165
173,1686362473.14,-26.367,530.762,-0.977,52.734,1550.032,392.71468968808887
174,1686362473.14,-25.391,164.062,-78.613,84.961,1550.036,365.6486465683525
175,1686362473.14,-43.945,-314.941,-49.316,51.27,1550.039,361.23954402625725
176,1686362473.15,-53.223,336.914,12.207,19.043,1550.043,374.498520883929
177,1686362473.15,-36.621,669.434,-48.828,40.039,1550.047,374.2422703499626
178,1686362473.16,-13.672,327.148,-62.5,51.758,1550.051,380.15190458088443
179,1686362473.16,-3.906,261.23,-39.551,6.836,1550.055,391.435830738593
180,1686362473.16,-11.23,311.035,-48.34,7.324,1550.071,378.7315956749932
181,1686362473.16,-4.395,140.137,-69.336,40.039,1550.075,376.2989946828639
182,1686362473.17,23.438,-10.742,-59.57,47.852,1550.078,368.2175937713148
183,1686362473.17,31.25,142.578,-50.293,2.93,1550.082,374.03812639921694
184,1686362473.18,15.625,69.336,-82.031,-66.895,1550.086,385.84029180720546
185,1686362473.18,5.371,-179.199,-88.867,-53.711,1550.09,397.4739216280953
186,1686362473.18,14.648,-522.461,-45.898,18.066,1550.094,368.9452453530503
187,1686362473.19,25.391,-138.672,0.488,82.52,1550.098,387.0532897027878
188,1686362473.19,9.766,454.102,-41.016,88.379,1550.102,387.0317629336722
189,1686362473.2,-6.836,-33.203,-85.449,90.332,1550.106,409.72911493616914
190,1686362473.2,0.488,-253.418,-53.711,150.879,1550.11,397.46152055533577
191,1686362473.2,7.812,-41.016,-36.133,175.293,1550.114,391.63363079322585
192,1686362473.21,1.465,135.254,-48.828,112.305,1550.117,398.9180883106174
193,1686362473.21,-15.137,-97.168,-85.449,41.504,1550.12,425.27802692773355
194,1686362473.21,-16.113,-433.105,-70.801,17.09,1550.124,408.73945486999327
195,1686362473.22,8.789,137.695,-20.02,18.555,1550.128,402.42858161347505
196,1686362473.22,18.066,289.551,-70.801,-22.461,1550.132,416.06477182578783
197,1686362473.23,-7.324,-442.383,-95.215,-67.871,1550.136,424.18323439816123
198,1686362473.23,-20.996,-601.074,-52.734,-13.672,1550.14,411.8051150825855
199,1686362473.23,3.906,217.773,-19.531,73.73,1550.144,403.0367077040015
200,1686362473.24,21.484,279.297,-67.871,79.102,1550.148,408.391509243497
201,1686362473.24,11.23,-288.086,-65.918,44.922,1550.152,406.4022261862743
202,1686362473.24,19.043,-270.996,-22.461,65.43,1550.156,424.5949608994166
203,1686362473.25,45.41,15.137,-50.293,62.012,1550.16,411.3246815850809
204,1686362473.26,62.012,-192.871,-77.637,29.297,1550.161,410.52176739807544
205,1686362473.26,40.039,-470.215,-33.691,20.996,1550.165,411.9952640527092
206,1686362473.26,6.348,-260.742,-11.23,7.324,1550.168,426.47915974419203
207,1686362473.27,17.09,92.773,-47.852,20.02,1550.172,416.03263634039104
208,1686362473.27,39.551,-51.758,-70.312,57.617,1550.176,428.001098855156
209,1686362473.28,37.598,-398.926,-64.453,33.691,1550.18,414.73747755241254
210,1686362473.28,19.043,-299.805,-43.457,-0.488,1550.184,437.01890743221054
211,1686362473.28,7.812,78.613,-43.457,10.742,1550.188,438.07629190980884
212,1686362473.29,16.602,-100.098,-81.543,2.441,1550.192,445.5549318119968
213,1686362473.29,21.484,-495.605,-51.27,-24.414,1550.196,460.18269894919786
214,1686362473.29,-0.977,-149.414,-27.344,-39.062,1550.2,447.88381531698064
215,1686362473.3,-20.508,-70.801,-79.102,-26.855,1550.204,457.06060804433093
216,1686362473.31,-1.953,-407.227,-87.891,17.578,1550.207,471.3860220621323
217,1686362473.32,13.184,-234.375,-79.59,36.133,1550.211,473.0364119379596
218,1686362473.32,12.695,-102.051,-55.664,20.508,1550.215,478.7406793757266
219,1686362473.32,8.301,-87.402,-36.621,26.855,1550.219,479.59206591657284
220,1686362473.33,14.648,-179.199,-75.684,35.645,1550.223,489.55522595444376
221,1686362473.33,36.133,-949.219,-93.262,29.785,1550.227,491.5436067451612
222,1686362473.33,22.461,-441.406,-9.766,-41.504,1550.231,498.7302964721315
223,1686362473.34,-4.395,485.352,-37.598,-60.059,1550.235,480.6718975164843
224,1686362473.34,5.371,-125.0,-68.359,33.203,1550.238,497.72197469073006
225,1686362473.35,20.508,-247.07,-19.531,100.586,1550.242,517.5198974797731
226,1686362473.35,12.695,257.812,-44.434,114.258,1550.246,520.0971860007662
227,1686362473.35,-20.508,-39.062,-84.473,100.098,1550.25,507.327166281179
228,1686362473.36,-24.414,-322.266,-56.152,133.301,1550.252,501.6806822123813
229,1686362473.36,4.883,-72.754,-33.691,197.754,1550.256,512.4699504684802
230,1686362473.36,19.043,10.742,-56.152,200.684,1550.26,511.7668600124092
231,1686362473.37,9.277,-178.711,-60.059,143.066,1550.264,519.1996510746333
232,1686362473.37,-4.883,-296.875,-59.57,120.605,1550.268,532.1672850790949
233,1686362473.38,0.488,-277.344,-52.734,159.668,1550.271,520.6793297259443
234,1686362473.38,14.16,-237.305,-61.523,152.832,1550.275,533.6513119009728
235,1686362473.38,-8.789,-123.047,-73.73,86.914,1550.279,541.8138277109106
236,1686362473.39,-43.457,-675.293,-74.707,55.176,1550.283,517.6352091168294
237,1686362473.39,-45.41,-523.438,-16.602,61.523,1550.287,529.8610683268316
238,1686362473.4,-16.602,458.008,-16.602,55.176,1550.291,533.0303926339694
239,1686362473.4,-3.906,-6.836,-98.145,18.555,1550.295,533.4846527982286
240,1686362473.4,-12.207,-465.82,-50.293,26.367,1550.297,534.1863036316371
241,1686362473.4,-0.488,40.039,-6.836,108.398,1550.301,527.5045655093074
242,1686362473.41,3.418,259.766,-49.805,188.477,1550.305,521.1742928374863
243,1686362473.41,0.488,-112.793,-62.012,200.684,1550.308,532.8900759435061
244,1686362473.42,-11.23,-287.598,-75.195,159.18,1550.312,526.978486905382
245,1686362473.42,-15.137,-327.148,-53.711,186.035,1550.316,546.864787541169
246,1686362473.42,5.859,-91.309,-33.203,251.465,1550.32,534.853796709814
247,1686362473.43,12.207,-306.152,-77.637,260.742,1550.324,510.21211368862305
248,1686362473.43,5.859,-830.566,-38.086,215.82,1550.328,535.0000044428647
249,1686362473.44,8.789,0.0,1.465,199.707,1550.332,528.4840595338051
250,1686362473.44,15.137,346.68,-61.035,261.23,1550.336,516.8659352382324
251,1686362473.44,12.695,-67.383,-65.43,281.25,1550.34,535.7785648853607
252,1686362473.45,-1.465,-120.605,-50.293,205.078,1550.342,540.1814955302357
253,1686362473.45,-15.137,-30.762,-61.035,143.555,1550.346,539.3076377982293
254,1686362473.45,-8.301,-133.789,-77.148,178.223,1550.35,512.3043235717627
255,1686362473.46,7.324,-225.586,-62.5,215.82,1550.354,530.798069078426
256,1686362473.46,3.906,-171.875,-70.312,173.34,1550.357,525.3097701468787
257,1686362473.47,-9.277,-358.398,-81.055,108.398,1550.361,532.4093464458607
258,1686362473.47,-14.16,-365.234,-71.289,106.934,1550.365,523.2685405377351
259,1686362473.47,-8.301,-581.543,-49.316,145.508,1550.369,495.2305921617319
260,1686362473.48,-10.742,-284.668,-17.578,104.004,1550.373,526.029185251733
261,1686362473.48,-20.508,244.141,-56.641,13.184,1550.377,500.4175958671675
262,1686362473.48,-27.344,-202.148,-76.66,20.508,1550.381,482.6660885976917
263,1686362473.49,-13.672,-483.887,-62.012,96.191,1550.385,487.3962996679327
264,1686362473.49,7.324,-92.285,-44.434,157.715,1550.387,482.1110703281596
265,1686362473.5,0.977,196.777,-44.922,175.781,1550.391,483.2783284191782
266,1686362473.5,-7.812,-267.578,-95.215,155.273,1550.395,473.1000866133823
267,1686362473.5,10.254,-759.766,-64.941,180.664,1550.399,485.18876693493274
268,1686362473.51,15.137,-134.277,-17.578,219.727,1550.403,470.6648321516028
269,1686362473.51,-2.441,107.91,-75.195,191.406,1550.407,462.3616133738336
270,1686362473.51,-12.207,-493.164,-84.961,187.5,1550.411,472.25044570548584
271,1686362473.52,-9.766,-542.48,-45.898,223.633,1550.415,464.1194973329212
272,1686362473.52,2.93,254.883,-8.789,217.773,1550.418,470.4377894015273
273,1686362473.53,4.883,287.598,-70.312,153.809,1550.422,475.27770114011633
274,1686362473.53,0.488,-236.816,-62.5,118.164,1550.426,463.13407370041057
275,1686362473.53,0.488,-196.777,-37.598,138.672,1550.43,468.5692419210274
276,1686362473.55,3.418,-24.414,-57.129,137.695,1550.452,433.6063721727075
277,1686362473.56,13.184,-233.398,-79.102,97.168,1550.455,428.66425467418526
278,1686362473.56,21.484,-547.852,-46.875,3.906,1550.459,438.0248986166555
279,1686362473.56,22.461,-266.602,-19.043,-23.438,1550.463,422.811924346007
280,1686362473.57,33.691,51.758,-66.406,22.949,1550.467,427.22207033118
281,1686362473.57,54.199,-232.91,-85.449,40.039,1550.471,420.77505662911983
282,1686362473.58,51.27,-665.039,-55.664,15.137,1550.475,425.6591076541988
283,1686362473.58,29.297,-360.352,-20.02,7.812,1550.479,423.4193642823507
284,1686362473.58,24.414,164.551,-48.34,69.336,1550.483,408.0525516523894
285,1686362473.59,33.203,-92.773,-72.754,107.422,1550.487,414.105242897596
286,1686362473.59,27.832,-193.359,-66.895,79.59,1550.491,414.9931657501251
287,1686362473.6,10.254,-284.668,-59.57,66.895,1550.495,409.17306998283135
288,1686362473.6,12.207,-184.082,-42.969,107.91,1550.492,412.13640642902084
289,1686362473.6,29.297,-123.535,-80.566,153.809,1550.496,411.7387089270989
290,1686362473.6,25.391,-424.316,-80.566,142.578,1550.5,392.1692383081113
291,1686362473.61,0.0,-203.613,-31.738,109.863,1550.504,390.6151180418551
292,1686362473.61,-0.488,-54.199,-60.059,139.648,1550.508,396.33522020941143
293,1686362473.62,20.508,-370.605,-62.5,157.715,1550.512,400.5506470481927
294,1686362473.62,19.531,-353.027,-45.41,141.602,1550.515,381.67410983749653
295,1686362473.62,0.977,58.594,-50.293,122.07,1550.519,381.5749377906383
296,1686362473.63,-12.207,59.57,-51.27,142.578,1550.523,391.3552727348382
297,1686362473.63,-7.812,-478.027,-91.309,193.848,1550.527,381.5841448350755
298,1686362473.64,5.371,-816.406,-48.828,217.285,1550.531,373.66213188699237
299,1686362473.64,12.695,75.195,-10.742,177.246,1550.535,367.23153703387635
300,1686362473.64,0.977,166.992,-80.078,129.395,1550.537,373.38931843559806
301,1686362473.64,-4.883,-173.34,-62.5,97.168,1550.541,372.6322066400719
302,1686362473.65,7.812,5.859,-50.293,71.777,1550.545,378.53991586516656
303,1686362473.65,13.672,69.824,-66.895,39.062,1550.549,351.8394596657403
304,1686362473.66,-4.883,-161.621,-71.777,29.297,1550.552,351.147299696393
305,1686362473.66,-17.09,-482.91,-49.805,101.074,1550.556,362.5070056111927
306,1686362473.66,-7.812,-369.629,-32.227,163.574,1550.56,351.30334613110864
307,1686362473.67,-6.836,-51.27,-37.598,162.598,1550.564,355.61064754647396
308,1686362473.67,-24.414,40.527,-53.223,144.043,1550.568,360.2009798672683
309,1686362473.68,-25.391,-699.707,-70.312,164.062,1550.572,350.82943034382697
310,1686362473.68,-5.371,-519.043,-13.672,197.754,1550.576,341.88151236399847
311,1686362473.68,7.812,268.555,-20.02,179.688,1550.58,348.4763495683276
312,1686362473.69,2.441,-143.066,-92.773,141.602,1550.582,343.85738728988696
313,1686362473.69,-14.648,-406.25,-46.387,118.652,1550.586,336.1797115303244
314,1686362473.69,-9.277,91.797,9.277,162.598,1550.59,318.46704336264014
315,1686362473.7,1.953,366.699,-54.688,210.938,1550.594,329.2285395668044
316,1686362473.7,-18.066,-56.152,-68.848,160.156,1550.598,319.63341842091256
317,1686362473.71,-29.297,-413.574,-47.852,107.91,1550.602,302.7444668554189
318,1686362473.71,-11.23,-136.719,-17.09,134.277,1550.605,315.2771124619202
319,1686362473.71,10.742,263.672,-38.086,166.016,1550.609,317.1498923669126
320,1686362473.72,9.766,-330.566,-95.215,165.039,1550.613,297.85599454319487
321,1686362473.72,-15.137,-849.121,-30.762,150.879,1550.617,294.071598857553
322,1686362473.72,-31.25,87.891,25.391,158.203,1550.621,310.1497481005357
323,1686362473.73,-16.113,435.059,-43.945,191.406,1550.625,298.0559269047094
324,1686362473.73,2.93,-8.789,-61.523,156.25,1550.627,291.9642275450676
325,1686362473.74,3.418,-83.984,-46.875,81.543,1550.631,273.7752876046924
326,1686362473.74,0.488,44.434,-38.086,73.242,1550.635,287.7630094650548
327,1686362473.74,11.23,-3.418,-50.781,102.539,1550.639,302.64346027023834
328,1686362473.75,22.949,-161.621,-70.312,83.496,1550.643,299.8621781636046
329,1686362473.75,7.812,-354.98,-60.059,33.203,1550.646,269.1388688933101
330,1686362473.75,-28.32,-183.105,-26.855,12.695,1550.65,289.3374749598861
331,1686362473.76,-21.973,83.984,-47.852,54.199,1550.654,294.3964342662642
332,1686362473.76,-0.488,-457.52,-29.297,82.52,1550.658,266.87246573978007
333,1686362473.77,-16.113,-243.652,11.719,56.641,1550.662,264.89450613077526
334,1686362473.77,-29.297,270.996,-35.156,68.848,1550.666,269.8040276225279
335,1686362473.77,-16.113,-136.23,-65.918,93.262,1550.67,260.4771509913804
336,1686362473.78,13.184,-457.031,-44.434,83.008,1550.672,269.17099110881395
337,1686362473.78,21.973,50.781,-7.812,17.09,1550.676,265.27349233982295
338,1686362473.78,5.371,218.75,-48.828,-42.48,1550.679,267.8674335603557
339,1686362473.79,2.441,-340.82,-79.59,-7.812,1550.683,256.4339498456689
340,1686362473.79,14.648,-286.621,-79.59,51.27,1550.687,257.00231715804296
341,1686362473.8,19.043,2.93,-46.875,17.578,1550.691,259.3331062574757
342,1686362473.8,2.93,114.746,-39.551,-83.984,1550.695,247.8886557839218
343,1686362473.8,-1.953,-239.746,-72.754,-104.004,1550.699,237.76731794375416
344,1686362473.81,13.184,-510.742,-40.039,-35.156,1550.703,245.8040483918768
345,1686362473.81,14.648,295.898,-19.043,-2.441,1550.707,242.16262065236205
346,1686362473.82,-5.371,296.875,-77.637,-19.531,1550.711,234.71878254904237
347,1686362473.82,-28.809,-173.828,-65.43,-13.672,1550.715,236.42239242086015
348,1686362473.82,-24.902,-49.316,-45.41,0.977,1550.719,233.62472145769001
349,1686362473.83,1.465,79.59,-73.242,4.883,1550.723,246.18838095960817
350,1686362473.83,23.926,-199.707,-90.82,-40.527,1550.727,240.22667601437007
351,1686362473.83,6.836,-434.082,-53.711,-85.938,1550.731,242.27270970897396
352,1686362473.84,-23.438,-142.09,-41.992,-34.18,1550.735,227.2855481023952
353,1686362473.84,-15.625,-26.855,-76.172,52.734,1550.739,243.08447272839783
354,1686362473.84,9.766,-150.391,-79.59,71.777,1550.743,247.54680723376342
355,1686362473.85,6.836,-497.07,-53.223,32.715,1550.747,251.37795268624998
356,1686362473.85,-2.441,-278.32,-13.672,40.039,1550.75,235.12967933939723
357,1686362473.86,25.879,395.508,-42.48,108.887,1550.754,244.38891973931786
358,1686362473.86,27.832,65.43,-93.262,139.648,1550.758,225.04072215640772
359,1686362473.86,-19.531,-395.02,-99.121,125.488,1550.762,258.15063739054676
360,1686362473.87,-36.621,-196.777,-53.711,137.695,1550.762,245.12789880681729
361,1686362473.87,-17.578,180.664,-52.246,201.66,1550.766,243.4222767096931
362,1686362473.87,4.395,-151.367,-102.539,241.211,1550.77,252.36287018416743
363,1686362473.88,2.93,-486.328,-88.379,187.5,1550.773,239.28212189230575
364,1686362473.88,-15.625,-180.664,-53.711,112.305,1550.777,248.70662385144044
365,1686362473.89,-0.977,-76.172,-66.895,102.539,1550.781,252.70369230870403
366,1686362473.89,20.996,-310.547,-84.961,131.836,1550.785,251.39875984787108
367,1686362473.89,16.113,-669.922,-67.383,113.281,1550.789,222.13572045334814
368,1686362473.9,-8.301,16.602,-11.23,41.016,1550.793,243.2296236865214
369,1686362473.9,-1.465,413.086,-70.312,66.895,1550.797,248.30046772501598
370,1686362473.9,29.785,42.969,-73.242,162.598,1550.801,259.4921377771128
371,1686362473.91,28.32,68.848,-55.176,162.109,1550.805,267.26874966044346
372,1686362473.91,0.0,140.137,-70.312,105.469,1550.82,266.153945058968
373,1686362473.92,-20.02,-63.477,-82.031,81.543,1550.824,270.21965125960816
374,1686362473.92,-12.207,-183.105,-80.078,62.012,1550.828,268.27418776619055
375,1686362473.92,-2.441,14.648,-57.129,31.25,1550.832,263.06304949162626
376,1686362473.93,-11.23,-7.812,-75.195,-9.277,1550.836,274.1671607462604
377,1686362473.93,-17.578,-257.324,-94.238,-11.23,1550.839,268.27511488276025
378,1686362473.93,-13.672,-675.293,-69.824,27.344,1550.843,281.2057440386278
379,1686362473.94,-2.441,-384.766,-40.039,27.344,1550.847,284.70439560754477
380,1686362473.94,1.465,377.441,-60.059,7.812,1550.851,279.50271234078537
381,1686362473.95,1.953,78.613,-100.586,0.488,1550.855,265.58902586849285
382,1686362473.95,0.0,-271.484,-82.52,5.371,1550.859,268.77002087867464
383,1686362473.95,12.695,-112.793,-62.988,5.371,1550.863,278.0126231610372
384,1686362473.96,9.766,149.902,-69.824,-14.16,1550.866,278.688795138258
385,1686362473.96,-19.531,-58.105,-109.375,-42.48,1550.87,270.2257581496953
386,1686362473.96,-24.414,-418.457,-91.309,-35.645,1550.874,282.9137966803271
387,1686362473.97,-12.207,94.727,-44.434,-26.367,1550.878,272.4389910247796
388,1686362473.97,-11.23,269.531,-83.008,-61.035,1550.882,290.65100225031586
389,1686362473.98,-30.762,-441.406,-114.258,-101.074,1550.886,280.11953394223224
390,1686362473.98,-41.992,-537.109,-89.844,-105.957,1550.89,299.8934808026273
391,1686362473.98,-42.48,251.465,-63.965,-82.031,1550.893,287.7746659392235
392,1686362473.99,-39.551,181.152,-100.586,-70.312,1550.897,299.9331035227985
393,1686362473.99,-38.574,-474.121,-92.773,-68.848,1550.901,315.66477459494735
394,1686362474.0,-52.246,-335.938,-67.871,-78.125,1550.905,318.7680064950476
395,1686362474.0,-50.293,243.164,-81.543,-64.453,1550.909,306.7008748402172
396,1686362474.02,-29.785,171.875,-92.773,-38.574,1550.912,340.4445502801001
397,1686362474.02,-25.391,-174.316,-97.168,-69.336,1550.916,355.1252345689832
398,1686362474.02,-46.875,-166.016,-78.613,-59.082,1550.92,352.9403870068233
399,1686362474.03,-51.27,89.844,-90.332,-16.602,1550.924,365.52907506890386
400,1686362474.03,-27.832,14.648,-107.422,-8.789,1550.928,348.9295284719151
401,1686362474.04,-11.23,-312.012,-102.539,-7.812,1550.932,383.80911737232685
402,1686362474.04,-26.855,-274.902,-85.449,-30.273,1550.935,366.07824420804445
403,1686362474.04,-35.156,90.82,-82.52,-50.781,1550.939,361.1199398604298
404,1686362474.05,-32.715,48.34,-98.145,-62.5,1550.943,377.90202611686544
405,1686362474.05,-32.227,-348.145,-73.242,-101.074,1550.947,386.8253431051171
406,1686362474.06,-38.086,-70.801,-65.918,-135.742,1550.951,388.66502288515255
407,1686362474.06,-41.016,47.363,-82.031,-138.184,1550.955,380.6030717102983
408,1686362474.08,-34.668,-217.773,-103.027,-176.758,1550.972,418.59016034812606
409,1686362474.08,-30.762,-498.047,-76.172,-216.309,1550.976,413.8570273532957
410,1686362474.08,-30.762,-33.691,-30.762,-248.535,1550.979,409.8325842182391
411,1686362474.09,-57.617,472.656,-70.312,-240.234,1550.983,397.50956088143346
412,1686362474.09,-62.5,13.184,-79.102,-143.555,1550.987,412.79590243690296
413,1686362474.1,-27.832,-214.844,-84.473,-92.773,1550.991,415.9242901317093
414,1686362474.1,-20.508,48.34,-60.059,-141.113,1550.995,419.1993172747659
415,1686362474.1,-28.32,330.078,-70.801,-158.203,1550.999,426.07802084222914
416,1686362474.11,-10.742,-110.352,-78.613,14.16,1551.002,420.6176996834828
417,1686362474.11,-10.254,-250.488,-102.539,-79.102,1551.003,410.24430175751274
418,1686362474.11,-0.488,58.594,-55.176,62.988,1551.006,429.6479355926193
419,1686362474.11,18.066,-475.586,-60.059,-12.207,1551.007,422.46164422661406
420,1686362474.11,11.719,116.211,-81.055,57.129,1551.01,407.99244075362174
421,1686362474.12,21.973,368.652,-51.27,-31.25,1551.011,414.1450731617167
422,1686362474.12,-2.441,-108.398,-78.125,5.371,1551.014,416.74059876612677
423,1686362474.12,3.418,286.133,-108.398,-43.945,1551.015,416.6522590898761
424,1686362474.12,-23.926,-311.035,-80.078,-65.918,1551.018,422.86122183222403
425,1686362474.13,-33.691,-205.078,-59.57,-91.309,1551.022,410.5538646093387
426,1686362474.13,-27.344,243.164,-59.082,-85.449,1551.026,417.72276729339586
427,1686362474.13,-26.855,217.285,-87.891,-90.82,1551.03,401.1997422949218
428,1686362474.14,-43.457,-76.172,-62.5,-94.238,1551.034,428.8487026305262
429,1686362474.14,-44.434,129.395,-47.852,-101.074,1551.038,419.1391359782184
430,1686362474.14,-35.156,310.059,-69.824,-123.535,1551.041,423.6641828979501
431,1686362474.15,-41.016,38.086,-97.168,-163.574,1551.045,423.2689115282723
432,1686362474.15,-56.152,-817.871,-104.492,-193.848,1551.047,421.4041709732506
433,1686362474.16,-57.129,-439.453,-39.551,-170.41,1551.051,427.7518089873044
434,1686362474.16,-32.715,648.926,-30.762,-133.301,1551.055,413.12271417668927
435,1686362474.16,-19.531,309.57,-80.078,-137.695,1551.059,421.77367909501226
436,1686362474.17,-33.203,-27.344,-91.309,-165.039,1551.063,436.3050521051256
437,1686362474.17,-24.414,-35.645,-76.172,-168.457,1551.067,405.327990816813
438,1686362474.17,13.672,48.828,-62.988,-153.32,1551.071,395.74138967757654
439,1686362474.18,25.391,-164.062,-90.332,-163.086,1551.074,415.10381992369895
440,1686362474.18,17.09,-589.355,-66.895,-221.191,1551.078,388.6895488137033
441,1686362474.19,20.508,140.137,-13.672,-246.582,1551.082,402.09654536081234
442,1686362474.19,30.273,561.035,-56.152,-185.059,1551.086,393.68354631485124
443,1686362474.19,18.555,168.457,-64.453,-138.672,1551.09,376.4820939266871
444,1686362474.2,1.953,154.297,-54.199,-153.32,1551.092,397.9708106713728
445,1686362474.2,-7.812,273.438,-67.871,-178.223,1551.096,383.95168400794324
446,1686362474.2,-19.531,5.859,-74.219,-163.574,1551.1,377.970635776041
447,1686362474.21,-24.414,-48.34,-54.199,-161.621,1551.104,384.8117386988303
448,1686362474.21,-11.23,139.16,-67.871,-180.664,1551.108,374.2443864348037
449,1686362474.22,-12.207,-94.238,-85.938,-171.875,1551.112,381.1465136683784
450,1686362474.22,-11.23,-119.629,-66.406,-118.164,1551.116,384.6336538652019
451,1686362474.22,8.301,-429.199,-58.105,-70.312,1551.119,385.82119716268954
452,1686362474.23,7.324,-162.598,-22.461,-95.215,1551.123,380.29024394894117
453,1686362474.23,-19.043,515.137,-33.691,-138.672,1551.127,368.72281020379205
454,1686362474.24,-34.668,171.387,-77.148,-116.699,1551.131,363.0764303699588
455,1686362474.24,-4.883,-343.262,-59.082,-53.711,1551.135,361.35557544011533
456,1686362474.24,28.32,15.625,-27.344,-46.875,1551.137,358.6225103815916
457,1686362474.24,41.992,505.371,-35.645,-91.797,1551.141,362.6440141287849
458,1686362474.25,38.086,-0.977,-86.914,-77.637,1551.145,336.77524031510893
459,1686362474.25,31.25,-218.75,-82.52,-20.508,1551.149,323.0948754332808
460,1686362474.26,47.363,265.137,-40.039,17.09,1551.152,339.2724693587155
461,1686362474.26,46.387,158.691,-70.801,5.371,1551.156,339.4912820959738
462,1686362474.26,25.879,-317.383,-79.59,-0.977,1551.16,312.8728054279348
463,1686362474.27,39.551,-335.938,-48.828,42.48,1551.164,293.8964773137055
464,1686362474.27,60.547,427.246,-17.578,51.27,1551.168,319.6420732667574
465,1686362474.28,26.855,488.281,-71.289,-3.906,1551.172,299.4986422589037
466,1686362474.28,-16.602,-109.863,-61.035,-41.992,1551.176,310.55822071477587
467,1686362474.28,-13.184,-50.781,-28.32,-19.531,1551.18,270.2598575781964
468,1686362474.29,-0.488,373.047,-48.828,-4.883,1551.184,263.215785547515
469,1686362474.29,-2.93,249.512,-77.637,-56.152,1551.188,270.81022209859276
470,1686362474.3,-11.719,-127.93,-70.312,-136.719,1551.192,268.6517006650195
471,1686362474.3,-41.016,-8.789,-34.668,-211.426,1551.196,259.37726902847373
472,1686362474.3,-52.246,255.859,-54.688,-197.266,1551.2,259.679945603865
473,1686362474.31,-44.922,81.543,-81.543,-119.141,1551.204,259.6921110831505
474,1686362474.31,-66.895,-477.051,-57.617,-145.508,1551.207,248.06670394442276
475,1686362474.31,-81.055,-218.75,-16.602,-206.543,1551.211,260.3834561732249
476,1686362474.32,-52.246,503.418,-48.828,-171.875,1551.215,241.70701266078723
477,1686362474.32,-15.137,262.695,-80.566,-135.254,1551.219,234.90484912698534
478,1686362474.33,-6.836,22.949,-85.449,-148.926,1551.223,233.31731704824452
479,1686362474.33,-16.602,-46.387,-78.613,-166.992,1551.227,236.99717304341382
480,1686362474.33,-20.996,51.27,-60.059,-154.785,1551.24,242.1728222944165
481,1686362474.34,-2.441,91.797,-101.074,-91.309,1551.244,214.4772513781346
482,1686362474.34,10.254,-490.234,-83.496,-69.824,1551.248,209.3198529772855
483,1686362474.34,-9.766,8.789,-9.766,-104.004,1551.252,208.3989582947025
484,1686362474.35,-24.902,598.633,-58.594,-101.074,1551.255,220.17208344808728
485,1686362474.35,-20.508,-75.684,-132.324,-75.684,1551.259,197.5823930942683
486,1686362474.36,-7.812,-569.336,-60.547,-70.801,1551.263,186.4194128444903
487,1686362474.36,-11.719,219.238,15.625,-97.168,1551.267,205.44467129936433
488,1686362474.36,-28.32,643.555,-81.543,-106.934,1551.271,188.8499733934859
489,1686362474.37,-20.508,146.973,-75.195,-78.613,1551.275,199.01596001002878
490,1686362474.37,4.883,173.34,-46.875,-79.102,1551.279,204.39333780068907
491,1686362474.38,0.0,337.891,-63.477,-85.938,1551.283,199.31403261764427
492,1686362474.39,-17.09,164.551,-81.055,-67.871,1551.287,214.89186708217903
493,1686362474.4,4.883,-12.695,-70.312,-57.129,1551.291,184.54640820540106
494,1686362474.4,35.645,187.988,-53.711,-51.27,1551.295,190.61456962356945
495,1686362474.4,48.34,149.414,-68.359,-115.234,1551.299,196.39747367695952
496,1686362474.41,36.133,9.766,-63.477,-211.426,1551.303,198.11013001976278
497,1686362474.41,28.809,-486.816,-78.613,-207.031,1551.306,204.42370441360154
498,1686362474.41,52.734,-291.504,-33.203,-159.668,1551.31,195.2392168559824
499,1686362474.42,62.988,657.227,-34.668,-146.973,1551.314,191.30885818275837
500,1686362474.42,44.434,248.535,-90.82,-146.484,1551.318,174.9272142659735
501,1686362474.43,37.598,-14.16,-52.734,-128.906,1551.322,175.35722799706616
502,1686362474.43,41.992,323.73,-50.781,-62.988,1551.326,216.74982642581364
503,1686362474.43,42.48,236.328,-79.59,8.789,1551.33,212.61639210293066
504,1686362474.44,22.949,-133.301,-91.309,10.254,1551.332,181.35931961287395
505,1686362474.44,4.395,-250.488,-65.43,-23.926,1551.336,190.58888129022174
506,1686362474.44,17.09,295.41,-17.578,-42.48,1551.34,197.8164598806121
507,1686362474.45,36.621,531.738,-62.5,-58.105,1551.344,194.7649509459177
508,1686362474.45,30.273,83.496,-95.215,-87.891,1551.348,199.55642147978992
509,1686362474.46,14.16,-225.586,-82.031,-119.629,1551.351,190.698946519647
510,1686362474.46,15.137,-71.289,-48.34,-86.914,1551.355,191.6762913504631
511,1686362474.46,22.461,330.078,-43.945,-53.223,1551.359,192.13703034381933
512,1686362474.47,23.438,27.344,-83.496,-71.777,1551.363,203.16591807170295
513,1686362474.47,11.719,-588.867,-50.293,-107.422,1551.367,198.27435414229836
514,1686362474.48,2.441,236.328,-5.859,-114.746,1551.371,203.6647407943009
515,1686362474.48,12.207,599.121,-69.336,-82.52,1551.375,208.38484988071116
516,1686362474.48,19.043,220.215,-68.848,-97.168,1551.377,217.02315608761435
517,1686362474.48,0.977,196.777,-52.734,-173.34,1551.381,213.5638844746309
518,1686362474.49,-13.184,257.812,-61.523,-209.473,1551.385,212.98791588498395
519,1686362474.49,11.23,153.809,-66.406,-184.57,1551.389,211.84925664031383
520,1686362474.5,44.434,12.695,-83.008,-202.637,1551.393,230.2709851485372
521,1686362474.5,43.457,-98.145,-85.449,-253.418,1551.397,215.48879356546436
522,1686362474.5,24.414,28.32,-60.059,-264.16,1551.401,215.77851993325683
523,1686362474.51,27.344,236.816,-67.383,-228.516,1551.405,214.77526303789088
524,1686362474.51,32.715,-331.055,-49.316,-214.844,1551.409,220.0987844303483
525,1686362474.52,1.953,-138.184,-16.602,-262.207,1551.412,227.53112704969286
526,1686362474.52,-29.785,511.23,-55.176,-282.715,1551.416,232.15078340737227
527,1686362474.52,-26.855,166.504,-88.379,-235.352,1551.42,221.55091821105952
528,1686362474.53,-9.277,-494.141,-72.754,-155.762,1551.422,210.11810942502507
529,1686362474.53,-2.441,19.531,-17.578,-145.508,1551.426,227.81805216378004
530,1686362474.53,-9.277,644.531,-59.082,-177.734,1551.429,224.078404437662
531,1686362474.54,-2.93,150.879,-80.566,-165.039,1551.433,220.53921638492272
532,1686362474.54,16.602,61.523,-69.336,-134.766,1551.437,247.24484147261296
533,1686362474.55,24.902,108.398,-73.242,-117.676,1551.441,252.6718137839692
534,1686362474.55,22.461,41.504,-64.941,-148.926,1551.445,234.4258491772107
535,1686362474.55,13.672,-182.129,-81.543,-149.902,1551.449,244.87561805358388
536,1686362474.56,20.996,-318.359,-44.434,-73.73,1551.453,243.1275075799599
537,1686362474.56,36.133,446.289,-2.441,-38.086,1551.457,246.5463949549494
538,1686362474.56,23.926,516.602,-75.195,-82.52,1551.461,246.71340453108056
539,1686362474.57,1.465,-91.797,-64.941,-122.07,1551.465,244.52629845243965
540,1686362474.57,12.695,38.086,-23.926,-118.164,1551.467,263.12442712414554
541,1686362474.58,41.016,419.922,-53.711,-106.445,1551.471,246.69682338769204
542,1686362474.58,41.016,237.793,-77.637,-138.672,1551.475,256.9568035584351
543,1686362474.58,22.949,-48.828,-66.895,-182.129,1551.479,259.4854020865233
544,1686362474.59,8.789,37.109,-61.523,-170.898,1551.483,285.0082442055492
545,1686362474.59,31.25,72.266,-71.777,-125.488,1551.487,256.69282781271295
546,1686362474.59,47.363,74.707,-70.312,-139.648,1551.491,248.3814982999689
547,1686362474.6,24.902,-321.777,-62.012,-187.988,1551.494,250.08935414043495
548,1686362474.6,19.531,-122.07,-16.602,-205.566,1551.498,270.2004273965073
549,1686362474.61,50.781,570.801,-41.504,-189.453,1551.502,263.17429132616206
550,1686362474.61,42.969,317.871,-75.684,-205.566,1551.506,273.2985572678738
551,1686362474.61,5.371,-98.145,-80.566,-245.605,1551.51,281.6946963023052
552,1686362474.62,-2.441,59.082,-53.223,-205.078,1551.514,279.31383585336846
553,1686362474.62,17.09,367.676,-44.922,-124.512,1551.518,275.3579471519053
554,1686362474.62,33.691,18.066,-100.098,-62.5,1551.522,283.211669345075
555,1686362474.63,19.043,-458.008,-80.566,-44.922,1551.526,292.65723479740006
556,1686362474.63,-4.395,121.582,-27.344,-54.688,1551.529,279.83586015700365
557,1686362474.64,-8.789,427.734,-72.754,-39.551,1551.533,295.55327265932743
558,1686362474.64,0.0,-114.746,-86.914,-30.273,1551.537,298.1953133592028
559,1686362474.64,-7.324,-148.438,-55.176,-62.012,1551.541,300.5255373986196
560,1686362474.65,-20.996,464.355,-23.926,-99.121,1551.545,282.7352248955633
561,1686362474.65,-14.16,475.098,-62.5,-99.609,1551.549,292.9476338543004
562,1686362474.66,8.301,129.883,-56.641,-97.656,1551.553,294.2385858464393
563,1686362474.66,34.668,197.266,-43.945,-153.32,1551.557,293.50568671810595
564,1686362474.66,35.156,333.984,-58.105,-212.891,1551.57,314.3750335643761
565,1686362474.66,24.902,150.391,-77.637,-188.965,1551.574,289.32772605204065
566,1686362474.67,22.949,16.602,-67.383,-136.23,1551.578,300.7685827956531
567,1686362474.67,20.02,211.426,-52.246,-108.887,1551.582,312.44013055701805
568,1686362474.68,2.441,100.098,-74.219,-117.676,1551.586,308.2519999712104
569,1686362474.68,-22.949,-59.57,-67.383,-168.945,1551.589,312.6189596624664
570,1686362474.68,-11.23,-498.047,-70.312,-201.172,1551.593,338.2805768025295
571,1686362474.69,17.09,-298.34,-37.598,-199.707,1551.597,316.9886601577972
572,1686362474.69,19.531,643.555,-41.016,-242.188,1551.601,317.540462955823
573,1686362474.7,0.488,282.715,-82.52,-296.387,1551.605,327.90474687859813
574,1686362474.7,4.883,67.871,-72.754,-283.203,1551.609,326.7072220950617
575,1686362474.7,34.18,154.297,-57.617,-235.84,1551.613,332.9776474454539
576,1686362474.71,23.926,237.305,-40.039,-237.305,1551.616,327.758980511591
577,1686362474.71,-6.348,95.703,-89.844,-254.883,1551.62,355.40409193295056
578,1686362474.71,-16.113,-242.676,-72.266,-222.656,1551.624,334.69506827854565
579,1686362474.72,-6.348,296.875,-31.25,-176.27,1551.628,347.67016907399136
580,1686362474.72,-5.371,493.652,-70.801,-170.41,1551.632,346.4988895281228
581,1686362474.73,-29.785,-194.824,-106.934,-192.871,1551.636,350.03984550399974
582,1686362474.73,-36.621,-448.242,-77.637,-181.152,1551.64,363.8215545215358
583,1686362474.73,-12.207,191.406,-25.391,-85.938,1551.644,346.2648099582825
584,1686362474.74,1.953,538.574,-55.176,-51.27,1551.648,357.28434675220984
585,1686362474.74,0.0,-99.609,-84.473,-145.508,1551.652,364.93479251023365
586,1686362474.74,-11.719,-377.441,-61.035,-206.543,1551.655,354.02586964679995
587,1686362474.75,-4.883,348.145,-49.805,-139.16,1551.659,342.7031877689344
588,1686362474.75,26.367,351.074,-85.449,-54.688,1551.661,363.01068523868935
589,1686362474.76,32.227,34.18,-79.59,-91.797,1551.665,357.38636917053503
590,1686362474.76,23.926,11.719,-62.012,-131.348,1551.669,341.63799265810945
591,1686362474.77,32.715,139.648,-67.383,-74.219,1551.673,349.3414615267112
592,1686362474.77,55.176,87.891,-78.125,11.719,1551.676,350.6549611621307
593,1686362474.77,40.527,-225.586,-75.195,31.738,1551.68,342.06922998695114
594,1686362474.78,9.277,-164.551,-51.758,1.465,1551.684,345.49775385457286
595,1686362474.78,10.742,179.688,-54.688,-19.531,1551.688,364.244455375526
596,1686362474.78,24.414,65.918,-56.641,-41.504,1551.692,339.28632705833735
597,1686362474.79,30.273,-414.062,-42.969,-121.094,1551.696,369.2486108074926
598,1686362474.79,11.719,-146.973,-55.176,-239.258,1551.7,357.37815265677256
599,1686362474.8,-10.254,120.117,-79.102,-260.254,1551.704,376.3463702863217
600,1686362474.83,1.465,-178.223,-83.496,-221.68,1551.723,371.06828343802056
601,1686362474.83,13.184,-182.129,-71.777,-225.098,1551.727,382.4423884841531
602,1686362474.84,0.488,139.16,-49.316,-270.02,1551.731,383.7619801159266
603,1686362474.84,-17.578,255.371,-55.664,-290.039,1551.735,388.7820016959319
604,1686362474.84,-3.906,-118.652,-102.051,-268.066,1551.739,404.07046392598215
605,1686362474.85,18.555,-869.629,-105.469,-224.609,1551.742,411.2694131544556
606,1686362474.85,22.461,-325.195,-24.902,-210.938,1551.746,416.5000663462456
607,1686362474.85,11.23,499.023,-69.824,-223.145,1551.75,405.89631104847103
608,1686362474.86,4.883,-173.34,-78.613,-186.523,1551.754,445.8992883615183
609,1686362474.86,24.902,-266.113,-32.227,-166.504,1551.758,451.33363738437424
610,1686362474.87,30.273,308.105,-44.922,-180.664,1551.762,453.1451261206051
611,1686362474.87,11.23,102.539,-78.125,-196.289,1551.766,450.6506687507702
612,1686362474.87,-15.137,-352.539,-59.57,-200.684,1551.767,475.18184275490813
613,1686362474.88,-9.766,-177.734,-30.273,-152.344,1551.771,462.6494867157085
614,1686362474.88,20.508,178.223,-54.688,-140.625,1551.775,452.19987271278336
615,1686362474.88,10.742,-47.363,-81.055,-190.918,1551.779,459.4753215207232
616,1686362474.89,-14.648,-346.68,-78.125,-201.172,1551.782,476.562920926211
617,1686362474.89,-12.207,-361.328,-62.012,-189.941,1551.786,461.42737094099317
618,1686362474.89,0.488,-75.684,-47.852,-215.332,1551.79,475.5515909428544
619,1686362474.9,-0.488,-18.555,-64.453,-240.234,1551.794,469.62145384416647
620,1686362474.9,-26.367,-323.242,-54.199,-244.629,1551.798,479.6308567045262
621,1686362474.91,-29.785,-116.211,-30.762,-220.215,1551.802,485.2015705035184
622,1686362474.91,3.418,64.453,-66.895,-206.055,1551.806,486.46538416019524
623,1686362474.91,20.996,-187.012,-91.797,-234.375,1551.81,483.8125114114702
624,1686362474.92,3.906,-870.117,-105.957,-262.207,1551.812,497.13424765251324
625,1686362474.92,3.906,-611.328,-42.969,-212.891,1551.816,484.25610652449245
626,1686362474.92,26.855,300.781,-27.344,-117.676,1551.82,489.4645873776289
627,1686362474.93,35.645,-54.199,-89.844,-81.543,1551.824,480.3774489782591
628,1686362474.93,9.277,-281.25,-102.051,-115.723,1551.828,490.41804940860806
629,1686362474.94,-15.625,-182.617,-64.941,-131.348,1551.832,481.58994173791365
630,1686362474.94,2.93,-27.832,-38.086,-111.816,1551.836,500.7816404811662
631,1686362474.94,10.254,-257.324,-74.707,-104.004,1551.84,492.6343442831649
632,1686362474.95,-0.488,-648.438,-64.941,-132.812,1551.845,477.95967284329964
633,1686362474.95,-10.254,-424.805,-72.266,-148.926,1551.844,479.94231096084576
634,1686362474.95,-24.414,114.746,-30.762,-162.598,1551.849,491.4693974760485
635,1686362474.95,-23.438,68.848,-49.805,-199.219,1551.848,489.0096466017501
636,1686362474.95,-20.02,1.465,-66.406,-203.613,1551.853,486.0219754997054
637,1686362474.96,-13.184,133.301,-61.523,-184.57,1551.851,476.0076165929256
638,1686362474.96,-8.789,-202.148,-52.246,-191.406,1551.857,466.08795128229673
639,1686362474.96,12.207,-503.418,-89.844,-149.902,1551.855,455.37827279548696
640,1686362474.96,-7.324,-134.277,-57.129,-172.363,1551.861,468.0836770982737
641,1686362474.97,-17.09,-298.828,-75.195,-170.898,1551.865,482.9276757332347
642,1686362474.97,-12.207,-438.965,-53.223,-118.164,1551.869,456.47456803176567
643,1686362474.97,5.859,-300.293,-18.066,-115.723,1551.873,462.1327030064775
644,1686362474.98,2.441,41.504,-25.391,-172.852,1551.877,455.7269775849251
645,1686362474.98,-24.414,26.367,-57.129,-191.895,1551.881,465.30587395688036
646,1686362474.98,-43.945,-178.223,-56.641,-191.406,1551.885,443.044040054396
647,1686362474.99,-34.18,-785.156,-78.613,-139.648,1551.888,448.0157881632063
648,1686362474.99,-15.625,-735.84,-5.859,-101.562,1551.887,439.4647052472856
649,1686362475.0,-6.836,305.176,12.207,-170.41,1551.891,439.6912557109341
650,1686362475.0,-3.906,113.77,-57.617,-258.789,1551.895,443.9459400753681
651,1686362475.0,4.883,-125.0,-40.527,-249.023,1551.899,422.1520161363626
652,1686362475.01,12.207,122.559,-43.457,-209.473,1551.903,447.7659971536343
653,1686362475.01,7.324,-94.238,-59.082,-237.793,1551.907,425.85062389683384
654,1686362475.01,3.418,-512.207,-65.43,-247.07,1551.911,411.9687142241923
655,1686362475.02,8.301,-600.098,-40.527,-186.523,1551.914,429.30035267449165
656,1686362475.02,36.133,30.273,11.23,-133.301,1551.918,405.79610034730945
657,1686362475.03,57.129,339.844,-28.32,-146.484,1551.922,414.6443412628858
658,1686362475.03,36.133,-263.184,-50.781,-177.734,1551.926,418.7933475559921
659,1686362475.03,9.766,-390.625,-2.93,-150.391,1551.93,421.4655568587411
660,1686362475.04,16.602,165.527,-7.812,-89.844,1551.945,422.8338940712783
661,1686362475.04,25.391,96.68,-41.504,-81.055,1551.949,402.04136899848675
662,1686362475.04,-2.441,-228.516,-35.645,-140.625,1551.953,407.5586458139808
663,1686362475.05,-17.578,-147.461,-2.441,-157.715,1551.957,392.46047406293496
664,1686362475.05,-4.883,-1.953,-26.367,-117.676,1551.961,394.9658907629847
665,1686362475.06,2.93,-181.641,-56.152,-104.004,1551.964,397.1939487840418
666,1686362475.06,-7.812,-601.074,-28.32,-137.695,1551.968,403.91042618735645
667,1686362475.06,-25.391,-328.613,33.691,-174.316,1551.972,383.90710494427964
668,1686362475.07,-25.879,351.562,19.531,-183.594,1551.976,397.559455397889
669,1686362475.07,-5.859,104.004,-29.297,-187.5,1551.98,382.1154841499193
670,1686362475.08,-2.441,-210.449,-39.062,-214.844,1551.984,389.0699942157475
671,1686362475.08,-21.484,-265.625,-24.414,-210.449,1551.988,391.24785088023873
672,1686362475.08,-31.25,-19.531,-1.465,-179.199,1551.991,362.21437590317873
673,1686362475.08,-29.785,95.215,-37.598,-177.734,1551.995,368.1474870363383
674,1686362475.09,-32.715,-540.527,-32.227,-205.078,1551.999,378.1874369510312
675,1686362475.09,-50.781,-150.879,46.387,-253.418,1552.003,380.45672640156613
676,1686362475.1,-68.848,447.754,-4.395,-272.949,1552.007,355.8874672905115
677,1686362475.1,-59.57,-210.938,-71.777,-213.867,1552.011,370.3998834126835
678,1686362475.1,-41.016,-374.512,-29.297,-172.852,1552.014,374.8377789726168
679,1686362475.11,-28.32,268.555,26.855,-220.703,1552.018,359.1909514277589
680,1686362475.11,-40.039,269.043,-19.043,-264.16,1552.022,367.23392987277117
681,1686362475.12,-47.852,-103.027,9.277,-242.676,1552.026,371.3201345431736
682,1686362475.12,-40.039,-6.836,44.922,-196.777,1552.03,371.7023415841911
683,1686362475.12,-51.27,280.762,2.93,-197.266,1552.034,367.3341369902612
684,1686362475.14,-70.801,73.242,-25.879,-183.105,1552.037,342.55392374169253
685,1686362475.14,-71.777,-232.91,-14.648,-122.07,1552.041,342.2590386303647
686,1686362475.15,-56.152,-16.602,19.531,-74.219,1552.045,352.0932889817746
687,1686362475.15,-41.016,266.602,3.906,-68.359,1552.049,340.39516993631554
688,1686362475.16,-46.875,127.441,-37.598,-115.234,1552.053,336.14242507140926
689,1686362475.16,-48.34,-443.848,-22.949,-146.973,1552.057,339.94097693199546
690,1686362475.16,-27.344,-205.078,58.594,-130.371,1552.061,338.73658840898
691,1686362475.17,-25.879,461.426,21.973,-163.086,1552.065,339.7330081525284
692,1686362475.17,-49.316,168.457,-54.199,-257.324,1552.068,337.8214183246523
693,1686362475.18,-66.895,-354.004,-8.789,-287.109,1552.072,343.3131544536876
694,1686362475.18,-55.176,10.742,53.711,-246.582,1552.076,332.1968072980862
695,1686362475.18,-36.133,301.27,-4.883,-251.953,1552.08,339.45430581981566
696,1686362475.19,-40.527,-64.453,-48.34,-289.551,1552.082,344.40107419762035
697,1686362475.19,-66.895,-205.566,6.836,-303.711,1552.086,333.85745029201485
698,1686362475.19,-70.801,264.648,50.781,-283.203,1552.089,339.5720326283913
699,1686362475.2,-50.293,405.762,-15.137,-260.254,1552.093,345.86738642639136
700,1686362475.2,-53.223,-122.559,-62.988,-273.926,1552.097,333.1330871819908
701,1686362475.21,-71.289,-327.637,-42.969,-270.508,1552.101,339.4744961102182
702,1686362475.21,-80.078,122.559,16.113,-236.328,1552.105,326.587867213148
703,1686362475.21,-78.125,490.234,-10.254,-208.496,1552.109,345.2115083390117
704,1686362475.22,-78.125,-68.359,-63.477,-221.68,1552.113,321.6709985316674
705,1686362475.22,-96.68,-406.738,-30.762,-273.438,1552.117,328.67683654730945
706,1686362475.22,-99.121,333.984,6.348,-277.832,1552.121,310.13267867236095
707,1686362475.23,-71.777,418.945,-37.598,-205.078,1552.125,323.69948826963366
708,1686362475.23,-51.758,67.383,-39.062,-171.875,1552.127,325.2369566624859
709,1686362475.24,-56.152,104.98,-10.254,-197.266,1552.131,322.2961458940209
710,1686362475.24,-69.824,266.113,-13.184,-180.664,1552.135,321.78281720905295
711,1686362475.24,-61.523,158.691,-36.621,-152.832,1552.138,327.71329668309
712,1686362475.25,-47.363,22.949,-39.062,-151.855,1552.142,318.93350172741003
713,1686362475.25,-62.988,-63.965,-23.438,-169.434,1552.146,319.6667308325532
714,1686362475.25,-77.637,-72.754,-17.09,-196.289,1552.15,311.46267119274995
715,1686362475.26,-60.547,165.527,-9.277,-180.176,1552.154,300.53374926443195
716,1686362475.26,-41.504,-333.496,-32.227,-149.414,1552.158,304.053538230234
717,1686362475.27,-50.781,-253.418,13.184,-194.824,1552.162,317.37674886373964
718,1686362475.27,-76.66,633.789,41.992,-248.047,1552.166,310.72653149583687
719,1686362475.27,-83.008,245.605,-32.227,-224.609,1552.17,296.2051216956489
720,1686362475.28,-61.035,-57.617,12.207,-213.379,1552.172,294.25435410316226
721,1686362475.28,-43.945,425.781,66.895,-289.551,1552.176,281.5607528929103
722,1686362475.28,-49.805,541.992,1.465,-360.84,1552.18,293.70876580847556
723,1686362475.29,-64.941,91.797,-21.973,-368.652,1552.184,272.249342863426
724,1686362475.29,-58.594,72.754,11.23,-352.539,1552.187,279.99556233812365
725,1686362475.3,-40.527,133.301,0.0,-326.66,1552.191,256.52487430907604
726,1686362475.3,-47.852,204.102,6.836,-369.141,1552.195,263.25017171325226
727,1686362475.3,-77.148,-31.738,-23.438,-427.734,1552.199,272.444175986735
728,1686362475.31,-72.754,-374.023,-20.996,-403.32,1552.203,247.92908898042606
729,1686362475.31,-61.523,324.707,59.082,-357.91,1552.207,260.7335304901701
730,1686362475.32,-80.566,589.844,12.207,-352.539,1552.211,233.01836216679203
731,1686362475.32,-100.098,-79.59,-25.879,-364.746,1552.215,233.93541334468094
732,1686362475.32,-108.887,-98.633,35.156,-363.281,1552.23,244.018567826777
733,1686362475.32,-89.355,476.562,35.645,-332.52,1552.234,235.07779039539102
734,1686362475.33,-78.125,315.43,-15.137,-307.129,1552.238,236.70016799733853
735,1686362475.33,-96.68,47.363,4.395,-321.777,1552.242,225.8512819173071
736,1686362475.34,-100.098,125.488,31.738,-308.594,1552.246,243.10941328995207
737,1686362475.34,-83.496,59.082,11.23,-256.836,1552.25,247.92465467473235
738,1686362475.34,-66.406,50.293,11.719,-255.859,1552.254,228.3987703672147
739,1686362475.35,-71.289,-304.688,1.465,-295.41,1552.258,227.37900148585777
740,1686362475.35,-80.078,-149.414,57.617,-282.227,1552.261,220.42359308272515
741,1686362475.36,-53.223,560.547,64.453,-218.75,1552.265,223.7680356380466
742,1686362475.36,-53.223,259.277,4.395,-213.379,1552.269,223.2427529628842
743,1686362475.36,-87.402,-102.051,-1.465,-277.344,1552.273,212.13583159344927
744,1686362475.37,-99.609,-86.914,28.809,-322.266,1552.263,212.37289145317388
745,1686362475.37,-89.355,202.148,66.406,-312.5,1552.267,208.7142488831873
746,1686362475.38,-66.406,174.316,3.906,-283.691,1552.271,219.51083939408372
747,1686362475.38,-61.035,-507.812,-12.207,-274.414,1552.275,209.40093279380062
748,1686362475.38,-87.891,-92.285,82.031,-275.879,1552.279,214.2593187245078
749,1686362475.39,-96.68,326.66,50.293,-228.516,1552.283,211.565477739073
750,1686362475.39,-73.73,-125.488,5.859,-166.992,1552.286,234.89635733795498
751,1686362475.39,-75.684,-225.586,31.738,-147.949,1552.29,212.7813110323227
752,1686362475.4,-97.168,316.406,82.031,-174.316,1552.294,238.82758333057484
753,1686362475.4,-86.426,358.887,23.438,-150.391,1552.298,222.5144653567805
754,1686362475.41,-66.895,37.109,26.855,-97.656,1552.302,207.46804870716494
755,1686362475.41,-55.664,109.375,46.875,-115.723,1552.306,221.75178452871756
756,1686362475.41,-56.152,219.238,20.996,-173.828,1552.32,220.41289508816234
757,1686362475.42,-67.871,-8.301,0.0,-207.031,1552.324,239.97321595004007
758,1686362475.42,-63.965,-251.465,26.855,-191.895,1552.328,224.6074426545054
759,1686362475.42,-50.293,9.277,72.754,-168.457,1552.332,232.30972797353394
760,1686362475.43,-62.5,147.461,31.25,-198.73,1552.336,233.73292315852515
761,1686362475.43,-96.68,-142.578,-14.648,-215.82,1552.339,231.5409568026943
762,1686362475.44,-102.051,-704.102,-13.184,-168.945,1552.343,237.60847352785882
763,1686362475.44,-73.73,-385.254,57.617,-159.668,1552.347,235.7690452517098
764,1686362475.44,-55.664,489.746,67.383,-226.562,1552.351,235.20609763150944
765,1686362475.45,-72.266,128.418,0.488,-279.785,1552.355,227.37454473928898
766,1686362475.45,-83.008,-163.086,6.836,-279.297,1552.359,252.7600718145425
767,1686362475.46,-62.988,-116.699,50.781,-243.652,1552.363,226.8519450586616
768,1686362475.46,-49.316,94.727,67.871,-246.582,1552.366,246.8633337711739
769,1686362475.46,-67.383,-61.035,-0.488,-326.172,1552.37,247.75861400491416
770,1686362475.46,-86.914,-503.906,21.484,-382.324,1552.374,237.24672452170034
771,1686362475.47,-72.754,30.273,93.75,-362.305,1552.378,257.3264696175589
772,1686362475.47,-54.688,233.887,38.574,-319.336,1552.382,256.7439701402517
773,1686362475.48,-75.195,-361.816,-12.207,-296.875,1552.386,252.62057719000973
774,1686362475.48,-100.586,-691.406,36.133,-259.277,1552.39,269.61158565959727
775,1686362475.48,-93.75,85.449,126.953,-209.961,1552.394,256.45372284589354
776,1686362475.49,-69.336,466.309,60.059,-179.199,1552.398,257.0736545178836
777,1686362475.49,-63.965,-113.281,29.297,-197.266,1552.401,253.8410892125058
778,1686362475.5,-71.289,-187.988,66.406,-245.605,1552.405,263.96895347280554
779,1686362475.5,-58.105,138.184,74.707,-274.902,1552.409,255.534423666341
780,1686362475.52,-40.527,84.961,39.062,-271.973,1552.412,262.416930092779
781,1686362475.52,-48.828,-170.41,30.762,-291.016,1552.416,284.1341203377062
782,1686362475.52,-78.613,-138.184,66.406,-318.359,1552.42,285.7274028121819
783,1686362475.53,-81.543,36.621,62.5,-290.039,1552.424,272.5733026125238
784,1686362475.53,-47.852,-28.32,28.809,-253.418,1552.428,280.70927305723853
785,1686362475.54,-41.992,-331.543,30.762,-273.926,1552.432,275.9516734811909
786,1686362475.54,-89.355,-292.969,54.199,-353.516,1552.435,272.43084024711897
787,1686362475.54,-114.746,-111.816,49.316,-352.539,1552.439,263.0370576720546
788,1686362475.55,-92.773,0.0,45.41,-265.137,1552.443,282.6420555842972
789,1686362475.55,-71.777,-530.762,11.23,-246.582,1552.447,305.5190982959625
790,1686362475.56,-88.379,-405.273,66.895,-271.484,1552.451,300.64292656209903
791,1686362475.56,-100.098,158.691,60.059,-260.742,1552.455,290.42192673112345
792,1686362475.56,-85.449,-166.504,16.113,-213.867,1552.457,288.02850284507304
793,1686362475.56,-71.289,-196.289,58.105,-187.012,1552.461,289.8341642966303
794,1686362475.57,-83.496,178.223,93.75,-226.074,1552.465,303.791594084641
795,1686362475.57,-104.004,267.09,57.129,-268.066,1552.468,309.6420511258806
796,1686362475.58,-101.562,-145.996,36.133,-231.445,1552.472,298.5833501134979
797,1686362475.58,-84.473,-320.801,52.734,-186.523,1552.476,304.43789003600045
798,1686362475.58,-74.219,-2.93,75.195,-203.125,1552.48,314.4028299961769
799,1686362475.59,-83.496,238.77,63.965,-216.797,1552.484,301.04655053180454
800,1686362475.59,-90.82,-284.668,6.836,-217.285,1552.488,316.7623397339887
801,1686362475.6,-78.125,-602.539,30.762,-206.055,1552.492,322.3480525039084
802,1686362475.6,-68.359,105.469,111.328,-206.055,1552.496,309.7643680504299
803,1686362475.6,-84.473,352.539,70.312,-235.84,1552.5,307.76750051399665
804,1686362475.61,-86.426,-237.793,41.016,-200.195,1552.502,303.6072044692023
805,1686362475.61,-55.664,-193.359,97.656,-142.578,1552.506,313.4358123336675
806,1686362475.61,-31.738,327.637,93.75,-153.32,1552.51,313.18850363828454
807,1686362475.62,-40.039,151.367,55.176,-207.52,1552.514,317.66889925535384
808,1686362475.62,-61.523,-166.992,56.641,-276.367,1552.517,312.58758096239274
809,1686362475.63,-63.965,-242.676,69.824,-276.367,1552.521,319.5078303213273
810,1686362475.63,-47.852,-16.602,88.867,-205.566,1552.525,318.4880488325551
811,1686362475.63,-59.57,166.016,80.078,-178.711,1552.529,318.0858551494326
812,1686362475.64,-93.75,-445.312,52.734,-182.129,1552.533,328.31995007109384
813,1686362475.64,-100.098,-256.836,141.113,-169.434,1552.537,330.4930288552173
814,1686362475.64,-74.707,480.957,131.348,-169.434,1552.541,325.2481603192599
815,1686362475.65,-61.523,46.387,48.34,-190.43,1552.545,325.8367619431266
816,1686362475.67,-77.637,-342.285,56.152,-236.328,1552.563,318.1096096345448
817,1686362475.67,-78.613,19.043,103.516,-226.562,1552.567,329.77549995157483
818,1686362475.67,-40.039,384.766,116.699,-176.27,1552.571,337.1254527104558
819,1686362475.68,-25.391,62.988,47.852,-129.883,1552.575,323.65862138107593
820,1686362475.68,-35.156,-492.188,34.668,-102.051,1552.579,337.1735070670481
821,1686362475.69,-33.203,-173.828,102.051,-115.234,1552.583,336.31460840229545
822,1686362475.69,-24.902,234.375,95.215,-119.629,1552.586,327.60856028507226
823,1686362475.69,-19.043,-57.617,42.969,-102.051,1552.59,322.3098451628051
824,1686362475.7,-50.293,149.414,97.656,-192.871,1552.592,326.4838203538586
825,1686362475.7,-35.156,-272.949,51.27,-118.164,1552.594,308.34322532467917
826,1686362475.7,-88.867,241.699,72.266,-229.492,1552.596,345.9962331010993
827,1686362475.7,-61.523,312.988,127.93,-147.461,1552.598,331.4480933181252
828,1686362475.7,-95.215,72.266,62.5,-184.082,1552.6,340.2870214820966
829,1686362475.7,-53.711,403.32,80.078,-121.094,1552.602,335.0722687126305
830,1686362475.71,-68.848,-87.891,92.773,-128.418,1552.604,348.7846461921191
831,1686362475.71,-36.133,91.309,74.219,-128.418,1552.606,326.9009446793432
832,1686362475.71,-62.5,71.777,89.844,-151.855,1552.608,357.3304846526764
833,1686362475.72,-74.219,-5.859,45.898,-234.375,1552.612,346.0846589983955
834,1686362475.72,-73.73,-160.645,54.199,-230.957,1552.615,323.8748016904908
835,1686362475.72,-51.27,-49.805,84.473,-174.805,1552.619,324.4574801519644
836,1686362475.73,-41.992,250.977,102.051,-179.688,1552.623,347.3931489636569
837,1686362475.73,-61.035,327.148,66.406,-212.402,1552.627,338.39337093901213
838,1686362475.74,-80.078,134.277,47.363,-214.355,1552.631,353.3953789236755
839,1686362475.74,-73.73,-668.457,-7.324,-162.109,1552.635,338.59327827251644
840,1686362475.74,-52.734,-554.688,71.777,-134.277,1552.637,336.65371375569737
841,1686362475.74,-53.223,638.672,127.93,-173.828,1552.641,337.93206951443693
842,1686362475.75,-68.359,343.75,30.762,-234.863,1552.645,353.10803490226044
843,1686362475.75,-55.664,69.824,53.223,-238.281,1552.649,343.9295065816052
844,1686362475.76,-33.203,271.484,55.664,-178.711,1552.653,348.306426353187
845,1686362475.76,-37.109,92.773,36.133,-125.977,1552.657,355.74313209970256
846,1686362475.76,-58.594,-267.578,0.0,-133.301,1552.66,344.52507584286775
847,1686362475.77,-54.199,-646.973,29.785,-160.645,1552.664,342.16560390267006
848,1686362475.77,-37.109,208.496,146.484,-176.27,1552.668,338.9576482734319
849,1686362475.78,-34.18,670.898,78.613,-181.641,1552.672,345.87131180934404
850,1686362475.78,-46.875,107.91,36.621,-192.871,1552.676,354.14658816055874
851,1686362475.78,-53.711,103.027,72.266,-198.73,1552.68,338.40263927951617
852,1686362475.79,-24.902,325.684,75.195,-166.504,1552.696,374.6605524381161
853,1686362475.79,-19.043,236.816,44.922,-154.785,1552.699,356.69781820820907
854,1686362475.79,-43.945,-40.527,41.992,-204.59,1552.703,336.1623624722091
855,1686362475.8,-59.082,33.691,59.57,-275.391,1552.707,346.4344278011386
856,1686362475.8,-58.105,179.199,30.762,-303.223,1552.711,350.8903459490976
857,1686362475.81,-45.898,34.668,12.695,-300.781,1552.715,363.80941157964514
858,1686362475.81,-40.039,-463.379,13.672,-321.289,1552.719,363.2618480228112
859,1686362475.81,-66.895,-287.598,49.805,-350.586,1552.723,356.6100585213855
860,1686362475.82,-74.219,303.223,62.988,-314.941,1552.727,347.07460211939843
861,1686362475.82,-61.523,228.516,41.504,-252.441,1552.731,348.2773709822091
862,1686362475.82,-64.453,57.617,41.016,-251.465,1552.735,360.58338044668557
863,1686362475.83,-79.59,8.301,42.969,-285.645,1552.739,351.42768836843624
864,1686362475.83,-90.82,202.148,54.199,-325.684,1552.741,354.7201987209105
865,1686362475.84,-86.426,190.918,33.203,-313.477,1552.745,367.7506539003968
866,1686362475.84,-68.848,-125.977,31.25,-312.988,1552.749,346.8852243786966
867,1686362475.84,-58.105,250.977,86.914,-376.465,1552.753,352.03863127344636
868,1686362475.85,-60.059,355.469,32.715,-376.953,1552.757,343.3429990082415
869,1686362475.85,-45.41,-252.93,-26.367,-291.504,1552.761,374.2299051004303
870,1686362475.85,-25.879,-245.605,21.484,-241.699,1552.765,368.6969695170926
871,1686362475.86,-41.992,347.168,70.312,-282.715,1552.769,358.9650122176876
872,1686362475.86,-74.219,353.027,20.996,-314.941,1552.773,354.2837116319631
873,1686362475.87,-75.684,-188.965,-5.859,-276.367,1552.777,343.42094520615206
874,1686362475.87,-55.176,-309.082,36.621,-260.742,1552.781,361.4465150348185
875,1686362475.87,-49.805,230.469,67.871,-327.148,1552.784,345.42938261288884
876,1686362475.89,-59.57,315.918,25.391,-395.508,1552.801,358.9961421712922
877,1686362475.9,-51.758,-169.922,18.066,-365.234,1552.805,376.8175024253917
878,1686362475.9,-44.434,-138.672,70.312,-251.953,1552.809,367.73313042093747
879,1686362475.9,-48.828,374.023,53.223,-152.344,1552.813,374.5165105851103
880,1686362475.91,-74.707,238.281,3.906,-134.277,1552.817,354.90186709082224
881,1686362475.91,-88.867,-224.609,10.254,-147.461,1552.821,361.80333825943006
882,1686362475.91,-59.082,-36.621,68.359,-122.559,1552.824,359.7898667963871
883,1686362475.92,-45.41,381.836,53.223,-123.535,1552.828,363.040206522611
884,1686362475.92,-67.871,125.488,-15.625,-176.758,1552.832,370.12183364172455
885,1686362475.93,-83.008,-332.031,35.156,-204.102,1552.836,359.8636417305187
886,1686362475.93,-70.801,8.789,84.473,-208.496,1552.84,367.4201991356022
887,1686362475.93,-43.945,287.109,29.297,-215.332,1552.844,365.35330008257364
888,1686362475.94,-31.25,-21.973,-0.977,-220.215,1552.838,363.16836731833007
889,1686362475.94,-44.922,-369.141,18.555,-210.449,1552.842,363.0454408155367
890,1686362475.95,-41.016,117.188,105.469,-170.41,1552.846,344.2682110024309
891,1686362475.95,-20.996,629.883,84.473,-152.344,1552.85,373.5525301348171
892,1686362475.96,-23.926,142.09,6.348,-169.922,1552.853,365.848058503978
893,1686362475.96,-41.504,-295.41,-1.465,-196.289,1552.857,368.74485728490686
894,1686362475.96,-54.199,62.012,69.824,-196.289,1552.861,371.88689599438044
895,1686362475.97,-40.527,443.359,64.941,-194.824,1552.865,365.9116797011085
896,1686362475.97,-31.738,6.348,19.043,-222.656,1552.869,365.6676453014236
897,1686362475.97,-47.363,-144.043,43.457,-246.094,1552.873,367.0531952255547
898,1686362475.98,-49.316,209.961,53.223,-226.562,1552.877,363.35789601639453
899,1686362475.98,-29.297,273.438,36.621,-173.34,1552.881,374.10266640075974
900,1686362475.98,-8.301,-243.164,-10.742,-140.137,1552.885,388.56749263289737
901,1686362475.99,-15.137,-294.434,25.391,-150.879,1552.889,359.93702751749004
902,1686362475.99,-41.016,336.426,56.152,-137.695,1552.893,383.1404687046685
903,1686362476.0,-39.062,193.848,20.02,-126.953,1552.897,370.39994797295685
904,1686362476.0,-24.902,-57.129,25.391,-153.32,1552.9,372.50071407768485
905,1686362476.0,-35.156,-116.211,24.414,-190.918,1552.904,356.5165175069449
906,1686362476.01,-53.711,108.398,38.086,-249.512,1552.908,364.86371081910727
907,1686362476.01,-52.734,294.922,23.438,-259.766,1552.912,384.6826988284433
908,1686362476.02,-35.645,-441.895,-22.949,-208.496,1552.916,360.4670077538382
909,1686362476.02,-36.621,-263.672,53.711,-204.59,1552.92,375.97737437819404
910,1686362476.02,-58.105,585.449,53.711,-222.656,1552.924,351.7189786106187
911,1686362476.03,-67.871,-234.863,19.043,-132.812,1552.923,350.62132518574776
912,1686362476.03,-69.824,125.488,-25.391,-181.641,1552.928,349.6152267095458
913,1686362476.03,-59.082,264.648,63.965,-141.113,1552.927,349.3444469846432
914,1686362476.03,-54.199,520.996,15.625,-193.848,1552.931,362.0170511469544
915,1686362476.04,-55.664,27.832,-34.18,-213.379,1552.934,362.77006060155674
916,1686362476.04,-37.598,-83.496,-10.254,-206.055,1552.938,382.1349795393505
917,1686362476.05,-18.555,86.914,16.113,-215.82,1552.942,380.19033536964884
918,1686362476.05,-35.645,-7.324,15.625,-271.484,1552.946,356.4635890228141
919,1686362476.05,-65.918,-190.43,-14.648,-310.547,1552.95,363.29731307270197
920,1686362476.06,-77.637,-698.73,-15.625,-258.789,1552.954,366.1759137331805
921,1686362476.06,-65.43,122.559,95.215,-208.984,1552.958,350.7298174842341
922,1686362476.06,-51.27,741.211,43.945,-213.379,1552.962,367.65337422545207
923,1686362476.07,-58.594,133.789,-4.395,-216.797,1552.966,367.01337709329067
924,1686362476.07,-49.805,144.043,45.898,-186.523,1552.968,361.0861921474401
925,1686362476.08,-17.09,380.859,56.152,-149.414,1552.972,354.8717814212736
926,1686362476.08,-7.812,258.301,23.438,-169.922,1552.976,364.6576952786582
927,1686362476.08,-31.25,-13.184,4.883,-232.91,1552.979,368.0984755043482
928,1686362476.09,-55.176,22.461,13.672,-237.793,1552.983,353.2969107179819
929,1686362476.09,-50.781,32.715,8.301,-190.918,1552.987,355.2463617813841
930,1686362476.1,-43.457,50.293,0.977,-157.715,1552.991,367.88645624492295
931,1686362476.1,-52.734,-326.66,-5.859,-139.648,1552.995,344.3764091695938
932,1686362476.1,-57.617,-285.645,32.227,-135.254,1552.999,369.5386449416088
933,1686362476.11,-45.41,350.586,49.316,-124.023,1553.003,376.49596751542816
934,1686362476.11,-31.25,393.066,22.461,-110.84,1553.007,361.63752231992044
935,1686362476.12,-44.922,-111.816,5.371,-189.453,1553.011,368.21254715676594
936,1686362476.12,-68.848,9.277,46.387,-275.391,1553.012,379.29663290799704
937,1686362476.12,-75.195,512.207,43.945,-268.066,1553.016,366.12320936897663
938,1686362476.12,-63.477,165.039,-19.043,-227.539,1553.02,376.93782346324406
939,1686362476.13,-60.547,-100.098,-20.508,-246.094,1553.024,376.06488870714907
940,1686362476.13,-87.891,236.328,22.949,-308.594,1553.028,379.08861988210157
941,1686362476.14,-98.633,126.465,-15.137,-288.574,1553.032,373.5539988472582
942,1686362476.14,-71.777,-266.602,-51.758,-223.633,1553.036,367.2005757183237
943,1686362476.14,-53.223,-262.207,-10.742,-225.098,1553.04,383.1032558200608
944,1686362476.15,-67.383,361.328,58.594,-290.039,1553.044,373.6815554473107
945,1686362476.15,-63.477,429.199,7.812,-313.477,1553.047,365.88652356969595
946,1686362476.16,-44.922,74.219,5.371,-272.461,1553.051,377.79414843315845
947,1686362476.16,-46.875,0.0,21.973,-258.301,1553.055,354.2209197361348
948,1686362476.16,-59.57,145.508,12.207,-310.547,1553.07,375.31898965562
949,1686362476.17,-56.152,229.98,-16.113,-344.727,1553.074,358.0603484232525
950,1686362476.17,-46.387,-189.453,-4.883,-290.039,1553.078,367.82274988483186
951,1686362476.18,-40.039,-17.09,59.57,-208.008,1553.082,366.75764450691133
952,1686362476.18,-36.621,328.613,2.441,-196.289,1553.086,358.88607347291475
953,1686362476.18,-57.129,15.137,-34.18,-232.422,1553.09,374.42088257508414
954,1686362476.19,-57.129,-484.375,-6.836,-226.562,1553.093,377.92769838566375
955,1686362476.19,-32.227,-99.609,49.805,-180.176,1553.097,360.0314248408003
956,1686362476.19,-38.086,590.82,26.855,-178.711,1553.101,362.9330063912546
957,1686362476.2,-61.523,187.988,-34.668,-208.984,1553.105,368.1303120522645
958,1686362476.2,-64.941,2.93,-13.672,-201.172,1553.109,369.4379264758459
959,1686362476.21,-60.059,47.363,-6.348,-145.996,1553.113,368.49332557592777
960,1686362476.22,-57.617,188.965,-6.348,-102.539,1553.118,381.77268443355285
961,1686362476.23,-48.34,120.117,-53.223,-147.949,1553.121,366.36318126551066
962,1686362476.23,-57.129,-608.398,-39.062,-208.008,1553.125,371.76082769899455
963,1686362476.23,-53.711,-36.621,64.453,-173.34,1553.129,358.64964680291695
964,1686362476.24,-26.855,660.156,1.465,-110.84,1553.133,367.96071450342134
965,1686362476.24,-38.086,-71.777,-76.172,-126.465,1553.137,366.79864649308934
966,1686362476.24,-69.336,-341.797,-24.414,-163.086,1553.141,365.596401818734
967,1686362476.25,-73.242,370.117,50.293,-146.973,1553.145,386.5295447485883
968,1686362476.25,-53.711,505.859,-11.23,-126.465,1553.149,366.191740578659
969,1686362476.26,-41.504,31.738,-2.93,-177.246,1553.153,359.7219456640122
970,1686362476.26,-38.086,-31.25,38.086,-229.98,1553.157,359.5069910510127
971,1686362476.26,-28.32,244.141,5.859,-218.75,1553.16,370.536457111079
972,1686362476.27,-8.301,235.84,-10.254,-193.359,1553.165,377.62740209744584
973,1686362476.27,3.418,55.664,-12.695,-221.191,1553.169,377.1275028022636
974,1686362476.28,-21.973,51.27,-2.441,-276.855,1553.173,368.0861596914199
975,1686362476.28,-39.551,163.086,-22.461,-276.367,1553.177,369.7408084758612
976,1686362476.28,-28.32,41.016,-26.855,-224.121,1553.18,367.6941542037488
977,1686362476.29,-22.461,-265.137,-15.625,-185.547,1553.184,370.00290457869244
978,1686362476.29,-25.879,-202.148,1.465,-217.773,1553.188,380.2818016749061
979,1686362476.29,-36.133,261.719,21.484,-260.254,1553.192,370.32002640973855
980,1686362476.3,-29.297,319.824,-16.113,-219.727,1553.196,386.9773563571895
981,1686362476.3,-10.742,-359.863,-23.438,-178.711,1553.2,372.1778258640339
982,1686362476.31,-18.555,-80.078,27.832,-207.031,1553.204,365.5570229375573
983,1686362476.31,-35.645,352.539,-12.695,-222.656,1553.208,370.9869199389248
984,1686362476.31,-19.531,9.766,-54.199,-163.574,1553.207,366.7291430983846
985,1686362476.32,10.254,-50.781,-19.043,-86.914,1553.211,386.1356398007318
986,1686362476.32,11.23,255.371,32.715,-60.547,1553.215,348.75055265986686
987,1686362476.32,-15.137,450.684,-2.93,-71.777,1553.219,379.0149751969942
988,1686362476.33,-31.738,113.77,-50.293,-57.617,1553.223,367.72939080527107
989,1686362476.33,-12.695,-126.953,-32.715,-27.832,1553.227,375.07119109816824
990,1686362476.33,-2.441,172.852,-3.906,-74.219,1553.231,368.8533003993462
991,1686362476.34,-36.621,235.352,-29.297,-130.371,1553.235,363.1594497797056
992,1686362476.34,-49.316,-187.5,-73.73,-101.074,1553.239,364.12836734470966
993,1686362476.35,-24.902,-608.887,-30.273,-43.457,1553.242,361.0249820045793
994,1686362476.35,-12.207,201.172,62.012,-26.855,1553.246,384.0130575428089
995,1686362476.35,-18.555,632.812,-17.578,-77.637,1553.25,372.34780998977254
996,1686362476.36,-38.574,110.84,-35.156,-109.863,1553.255,365.6272875634811
997,1686362476.36,-44.434,200.195,2.93,-80.566,1553.259,378.0841604215667
998,1686362476.36,-35.156,375.0,-20.508,-79.59,1553.263,391.60107670439356
999,1686362476.37,-27.344,214.355,-48.34,-141.113,1553.267,369.78245363257525
1000,1686362476.37,-32.227,-53.711,-52.246,-179.199,1553.271,360.37949359013726
1001,1686362476.38,-37.598,-134.277,-57.129,-164.062,1553.275,389.5355867637231
1002,1686362476.38,-32.227,128.906,-39.062,-140.625,1553.279,376.7792475782255
1003,1686362476.38,-34.18,334.473,-50.293,-160.645,1553.283,359.98975127007975
1004,1686362476.39,-37.598,-346.191,-59.57,-194.336,1553.287,370.3841519911516
1005,1686362476.39,-44.922,-251.465,-19.531,-187.5,1553.291,377.8829901637099
1006,1686362476.4,-32.227,402.832,-34.668,-177.734,1553.294,372.4613837886835
1007,1686362476.4,-28.809,237.305,-67.871,-175.293,1553.298,365.945006858458
1008,1686362476.4,-55.176,-426.27,-67.383,-198.242,1553.297,367.4580702094121
1009,1686362476.41,-68.848,-72.754,-4.395,-235.84,1553.301,354.9137283387822
1010,1686362476.41,-55.176,644.043,-26.855,-220.215,1553.305,384.166392725798
1011,1686362476.41,-40.039,275.879,-47.363,-173.34,1553.309,370.6867239085648
1012,1686362476.42,-45.41,48.828,-48.34,-192.871,1553.313,374.1015350558968
1013,1686362476.42,-63.477,-4.883,-42.969,-204.102,1553.317,378.7926914611049
1014,1686362476.42,-57.129,187.5,-17.578,-158.203,1553.321,376.4599265507597
1015,1686362476.43,-28.32,27.344,-51.758,-116.211,1553.325,360.9883742433776
1016,1686362476.43,-32.715,-293.457,-34.668,-123.047,1553.328,379.6847695658446
1017,1686362476.44,-58.105,350.098,6.836,-162.109,1553.332,375.7432012096262
1018,1686362476.44,-59.57,434.57,-34.668,-161.621,1553.336,361.75084980408377
1019,1686362476.44,-43.945,96.191,-33.203,-172.852,1553.34,384.02384451931493
1020,1686362476.45,-36.133,-19.531,-31.25,-233.398,1553.343,364.55575137574
1021,1686362476.45,-47.852,109.863,-29.297,-267.578,1553.347,364.6637555673623
1022,1686362476.45,-54.199,227.051,-49.316,-208.496,1553.351,378.41265653425984
1023,1686362476.46,-35.156,-110.84,-36.133,-137.695,1553.354,378.9700604892334
1024,1686362476.46,-29.297,-12.207,-7.324,-133.789,1553.358,380.4201966978526
1025,1686362476.47,-45.41,94.238,-54.688,-151.855,1553.362,372.18136720850765
1026,1686362476.47,-51.27,2.441,-58.594,-141.113,1553.366,385.3640959495237
1027,1686362476.47,-29.785,-317.383,-39.062,-104.492,1553.37,373.83310657924176
1028,1686362476.48,-16.602,-70.801,4.883,-117.676,1553.374,368.9358739750241
1029,1686362476.48,-33.691,530.762,-20.02,-197.754,1553.378,368.0508247755592
1030,1686362476.48,-42.969,175.781,-53.711,-238.77,1553.382,362.2782075112259
1031,1686362476.49,-41.992,-128.906,-51.27,-223.145,1553.386,356.4128739719537
1032,1686362476.51,-47.363,116.211,-22.949,-216.797,1553.404,348.7587843858316
1033,1686362476.51,-52.246,417.48,-13.184,-225.098,1553.408,366.9041717220461
1034,1686362476.52,-71.289,33.691,-79.59,-235.352,1553.412,377.0681617766294
1035,1686362476.52,-67.383,-587.402,-38.086,-228.516,1553.416,371.2705890990749
1036,1686362476.52,-50.293,-39.062,34.18,-220.215,1553.419,363.9488804564401
1037,1686362476.53,-50.781,375.977,-26.367,-221.68,1553.423,381.7409796050369
1038,1686362476.53,-58.105,-150.391,-63.965,-257.324,1553.427,374.76039219700215
1039,1686362476.53,-61.523,-310.547,-26.855,-278.809,1553.431,354.20702421731147
1040,1686362476.54,-95.215,223.633,-28.32,-194.336,1553.445,355.93831307537016
1041,1686362476.54,-42.969,331.543,36.133,-241.211,1553.435,368.02531034177906
1042,1686362476.54,-87.402,189.453,-33.203,-104.492,1553.449,376.46015677607215
1043,1686362476.54,-33.691,509.766,-27.344,-234.863,1553.439,362.7263778412925
1044,1686362476.54,-90.82,-6.836,-24.902,-97.656,1553.453,369.70953122972236
1045,1686362476.55,-34.668,119.141,-38.086,-245.605,1553.443,383.6012592172466
1046,1686362476.55,-106.934,58.105,-3.906,-137.207,1553.457,351.4530176285426
1047,1686362476.55,-58.105,36.621,-21.973,-239.258,1553.447,353.62827813283195
1048,1686362476.55,-84.473,101.074,-30.273,-143.066,1553.461,363.5666522111239
1049,1686362476.56,-51.27,-97.656,-44.922,-130.371,1553.465,365.57689447254427
1050,1686362476.56,-48.34,-150.391,-31.738,-155.762,1553.469,376.56791625882465
1051,1686362476.56,-66.406,46.875,-16.113,-220.703,1553.472,369.6937236567607
1052,1686362476.57,-74.707,274.902,-17.09,-229.98,1553.476,356.5037336804449
1053,1686362476.57,-61.035,205.078,-37.598,-203.125,1553.48,369.57733152015885
1054,1686362476.58,-57.129,-540.039,-49.805,-194.824,1553.484,363.1972347186159
1055,1686362476.58,-75.684,-594.727,-19.043,-207.52,1553.488,349.9745137920813
1056,1686362476.58,-87.402,339.844,1.953,-217.773,1553.492,369.7771917216693
1057,1686362476.58,-87.891,309.57,-51.27,-205.078,1553.495,370.2248530152925
1058,1686362476.59,-83.984,-120.117,-30.273,-200.684,1553.499,357.87949042690406
1059,1686362476.59,-79.59,219.238,13.184,-219.238,1553.503,365.34527032429963
1060,1686362476.6,-83.496,411.133,-35.645,-210.449,1553.507,372.29572307490696
1061,1686362476.6,-70.312,-208.984,-93.75,-152.832,1553.511,377.12441923689545
1062,1686362476.6,-43.457,-343.262,-50.293,-140.625,1553.515,368.36977817438435
1063,1686362476.61,-36.133,291.504,4.883,-209.961,1553.519,363.3658462604266
1064,1686362476.61,-47.363,202.637,-43.945,-270.508,1553.523,356.41780095701114
1065,1686362476.62,-45.41,-341.309,-48.828,-245.605,1553.527,377.7906434911677
1066,1686362476.62,-30.273,-227.539,-10.742,-201.172,1553.531,371.0907302013613
1067,1686362476.62,-27.344,402.832,-9.277,-214.355,1553.534,362.2880691198433
1068,1686362476.64,-41.504,205.078,-52.246,-225.098,1553.537,370.0682092679958
1069,1686362476.64,-41.504,-104.492,-31.738,-196.289,1553.541,362.0333883650139
1070,1686362476.65,-8.789,60.547,0.977,-149.902,1553.545,365.13111125598306
1071,1686362476.65,10.742,269.531,-9.766,-119.141,1553.549,368.1737096048122
1072,1686362476.66,-4.395,52.734,-48.34,-129.883,1553.553,370.88615758415835
1073,1686362476.66,-16.113,-397.461,-48.828,-121.582,1553.557,369.6052352687053
1074,1686362476.66,-16.602,-201.66,-8.301,-58.594,1553.561,355.15093981240744
1075,1686362476.67,-20.508,285.156,-12.695,-28.32,1553.564,370.37723002216603
1076,1686362476.67,-36.621,86.426,-60.547,-71.289,1553.568,384.9418555296433
1077,1686362476.68,-52.734,-440.43,-32.715,-120.117,1553.572,361.68270604977357
1078,1686362476.68,-38.574,-186.035,8.301,-140.137,1553.576,384.9238745496167
1079,1686362476.68,-8.301,108.398,-21.484,-158.691,1553.58,371.3869331769164
1080,1686362476.69,0.977,-50.293,-66.895,-202.148,1553.582,368.02424277210446
1081,1686362476.69,-8.789,-537.109,-51.27,-223.633,1553.586,365.49019253233723
1082,1686362476.69,-3.906,-167.48,21.484,-207.031,1553.59,379.1912120020104
1083,1686362476.7,21.973,524.414,-16.602,-185.059,1553.594,373.9569679016625
1084,1686362476.7,28.32,133.301,-60.547,-202.637,1553.598,372.02116949517807
1085,1686362476.71,5.371,-258.789,-59.082,-209.961,1553.602,362.3567876372189
1086,1686362476.71,-27.832,-47.363,-24.414,-174.805,1553.605,372.0898659442234
1087,1686362476.71,-35.156,301.27,-28.32,-153.32,1553.609,364.3973023123408
1088,1686362476.72,-21.973,-219.727,-59.082,-182.617,1553.613,370.57197194228957
1089,1686362476.72,-20.02,-526.367,-11.719,-237.305,1553.617,367.4498674441863
1090,1686362476.72,-37.109,200.684,9.277,-260.254,1553.621,375.8748392623832
1091,1686362476.73,-46.387,272.949,-36.133,-187.988,1553.625,364.2236619130754
1092,1686362476.73,-38.574,-31.25,-33.691,-121.094,1553.631,373.25904527841686
1093,1686362476.74,-33.203,-143.555,-19.531,-151.367,1553.635,367.4870254836397
1094,1686362476.74,-41.992,-68.848,-21.484,-187.012,1553.639,361.7859976820863
1095,1686362476.74,-58.105,78.125,-41.992,-183.105,1553.643,365.0001162998462
1096,1686362476.75,-39.062,-221.68,-45.898,-174.316,1553.647,355.6791816216003
1097,1686362476.75,-15.625,-327.637,-10.254,-188.965,1553.651,378.0268229620099
1098,1686362476.76,-37.598,82.031,1.953,-227.539,1553.654,365.22791859058634
1099,1686362476.76,-59.082,206.543,-34.18,-225.098,1553.658,356.0422742317855
1100,1686362476.76,-47.363,-410.156,-34.18,-180.664,1553.662,369.1925691516792
1101,1686362476.77,-41.016,-201.172,38.086,-193.848,1553.666,354.5406652098116
1102,1686362476.77,-51.27,386.719,11.23,-209.473,1553.67,374.60452128914176
1103,1686362476.78,-51.758,-76.66,-49.805,-147.949,1553.674,361.92412110740423
1104,1686362476.78,-35.156,-333.984,-7.324,-124.512,1553.672,372.2600567485847
1105,1686362476.78,-23.438,147.461,40.527,-165.527,1553.676,364.50265571196695
1106,1686362476.78,-37.109,354.98,-13.184,-201.66,1553.68,368.2278059967142
1107,1686362476.79,-54.688,-97.656,-46.387,-212.891,1553.684,363.954866473021
1108,1686362476.79,-36.133,-274.414,-26.367,-195.312,1553.688,365.62692345238327
1109,1686362476.8,-0.977,-128.418,-12.695,-154.297,1553.691,364.9297898960692
1110,1686362476.8,-2.93,105.469,7.812,-132.812,1553.695,366.9215502506943
1111,1686362476.8,-33.203,-135.742,-41.016,-166.504,1553.699,353.08272137
1112,1686362476.81,-55.176,-774.902,-13.672,-203.613,1553.703,363.62704650556805
1113,1686362476.81,-49.316,62.012,85.938,-183.105,1553.707,364.02591441984254
1114,1686362476.82,-42.48,535.645,-19.043,-198.242,1553.711,364.66842836524404
1115,1686362476.82,-52.734,-16.602,-47.363,-244.141,1553.715,365.4856457961665
1116,1686362476.82,-52.246,-41.992,-22.949,-172.363,1553.718,364.99340741927443
1117,1686362476.83,-37.598,166.016,-33.203,-79.59,1553.722,373.3997322228934
1118,1686362476.83,-30.273,74.219,-43.945,-83.008,1553.726,362.2412630866598
1119,1686362476.84,-39.551,-162.598,-31.25,-143.555,1553.73,357.7008448280264
1120,1686362476.84,-36.621,-85.938,-28.32,-182.617,1553.734,358.7095391945842
1121,1686362476.84,-12.207,-193.359,-57.129,-145.02,1553.738,358.18727669959867
1122,1686362476.85,1.953,-191.895,-34.18,-104.492,1553.742,376.877999986744
1123,1686362476.85,-13.672,-584.473,-60.059,-118.652,1553.745,376.79008376411457
1124,1686362476.86,-33.691,-592.773,-29.297,-139.16,1553.749,355.9441091975591
1125,1686362476.86,-19.531,382.324,6.348,-121.582,1553.753,354.1925133503387
1126,1686362476.86,-1.465,266.113,-48.34,-77.148,1553.757,369.64654162117074
1127,1686362476.87,-54.199,-100.098,-46.387,-151.855,1553.762,371.3985726812071
1128,1686362476.87,-24.414,-192.383,-65.918,-97.656,1553.761,379.8431360522088
1129,1686362476.87,-39.062,189.453,-25.879,-160.645,1553.766,359.0409443329586
1130,1686362476.87,-8.301,-49.805,-61.523,-145.996,1553.77,365.23356877738075
1131,1686362476.88,7.812,-381.348,-38.086,-167.48,1553.774,347.3203656189149
1132,1686362476.88,0.488,-44.434,-5.371,-218.75,1553.778,364.1745018652256
1133,1686362476.89,1.953,-21.973,-44.434,-252.441,1553.781,358.7956257847859
1134,1686362476.89,5.371,-377.93,-78.613,-242.676,1553.785,360.94721437677003
1135,1686362476.89,-15.137,-409.668,-45.41,-242.676,1553.789,372.605404953658
1136,1686362476.9,-38.086,117.188,1.465,-315.43,1553.793,357.5473892169761
1137,1686362476.9,-37.109,78.613,-54.688,-325.684,1553.797,375.71671861251053
1138,1686362476.9,-18.066,-376.953,-40.039,-260.254,1553.801,366.72798665819533
1139,1686362476.91,-2.93,-187.988,-5.371,-231.445,1553.805,364.9687373665121
1140,1686362476.93,-1.953,247.07,-30.762,-265.137,1553.822,377.5303553595779
1141,1686362476.93,-25.879,4.883,-59.57,-304.688,1553.826,353.2639703065356
1142,1686362476.93,-23.926,-208.984,-44.922,-262.695,1553.83,360.97346219544113
1143,1686362476.94,-9.766,-21.484,-27.832,-151.855,1553.833,374.0842556264774
1144,1686362476.94,-18.066,37.598,-47.363,-102.539,1553.837,356.1086119643636
1145,1686362476.95,-22.949,-258.301,-61.523,-137.207,1553.841,358.5979595419523
1146,1686362476.95,-15.625,-740.723,-45.898,-121.582,1553.845,365.86355494891126
1147,1686362476.95,-2.441,-362.793,4.883,-47.852,1553.849,347.2390823556835
1148,1686362476.96,-12.695,274.902,-21.973,-20.02,1553.853,372.58186248240816
1149,1686362476.96,-5.859,-158.203,-41.504,-105.957,1553.865,365.98013468778424
1150,1686362476.96,-37.598,-5.859,-63.477,-56.152,1553.857,353.767982682337
1151,1686362476.96,-21.973,-225.098,-76.66,-182.617,1553.869,350.8019493697878
1152,1686362476.96,-54.688,-200.195,-53.223,-83.984,1553.861,358.7577154146399
1153,1686362476.97,-35.645,-681.152,-45.898,-212.891,1553.873,366.12672195044087
1154,1686362476.97,-29.785,-203.125,-46.875,-77.148,1553.865,350.91962741136666
1155,1686362476.97,-21.484,-198.242,31.738,-162.109,1553.877,368.7025285996525
1156,1686362476.98,4.395,400.391,-36.133,-96.191,1553.881,345.74462791920433
1157,1686362476.98,8.301,-228.027,-92.773,-112.793,1553.885,351.40319073352
1158,1686362476.98,-5.859,-375.0,-65.918,-134.277,1553.889,365.7478305424978
1159,1686362476.99,-12.207,99.609,-30.273,-93.262,1553.893,360.23872376216417
1160,1686362476.99,-0.977,170.898,-48.34,-80.566,1553.897,347.7304172978305
1161,1686362476.99,2.93,-400.391,-74.219,-124.023,1553.9,374.6682217701669
1162,1686362477.0,-2.441,-622.559,-40.039,-180.176,1553.904,375.41535620919626
1163,1686362477.0,-2.441,112.305,-9.766,-161.621,1553.908,353.7801275930634
1164,1686362477.02,12.207,159.668,-55.176,-77.148,1553.916,366.5505942916516
1165,1686362477.02,19.531,-175.781,-57.617,-71.777,1553.92,362.9237757402524
1166,1686362477.03,1.465,-298.828,-38.574,-134.277,1553.924,349.888871220287
1167,1686362477.03,-1.953,-109.863,-39.062,-129.395,1553.928,366.58343941198524
1168,1686362477.03,22.461,101.562,-52.246,-79.102,1553.932,366.48370773168875
1169,1686362477.04,35.156,-581.055,-86.914,-52.246,1553.935,365.7610752046897
1170,1686362477.04,19.531,-650.391,-36.621,-110.84,1553.939,366.1923542001885
1171,1686362477.04,-3.906,241.699,-12.695,-195.801,1553.943,380.0560057373188
1172,1686362477.05,-10.254,88.379,-60.547,-168.457,1553.947,369.09641383847656
1173,1686362477.05,-9.766,-188.965,-41.504,-126.953,1553.951,366.82347068918597
1174,1686362477.06,-20.996,30.762,-26.855,-176.758,1553.955,384.72234014777297
1175,1686362477.06,-35.645,-123.535,-50.293,-238.281,1553.959,381.0417552878952
1176,1686362477.06,-39.551,-368.652,-65.918,-214.844,1553.957,372.73879702404383
1177,1686362477.07,-5.371,-342.285,-28.32,-172.363,1553.961,362.7410116544356
1178,1686362477.07,21.973,65.43,1.465,-183.105,1553.965,371.08864352923877
1179,1686362477.07,3.418,222.656,-39.551,-210.449,1553.969,379.4433258546352
1180,1686362477.08,-14.648,-224.609,-64.941,-213.867,1553.973,364.36210064333636
1181,1686362477.08,-8.789,-368.652,-63.477,-196.777,1553.977,380.21815511919147
1182,1686362477.08,-2.441,-213.379,-49.805,-216.309,1553.981,397.4203148320162
1183,1686362477.09,-1.953,41.016,-39.551,-257.812,1553.984,370.0808397973396
1184,1686362477.09,-1.953,-259.766,-83.984,-218.75,1553.988,365.19348996622045
1185,1686362477.1,10.742,-827.148,-46.875,-139.16,1553.992,388.35831658295746
1186,1686362477.1,27.832,63.477,40.039,-134.277,1553.996,376.6068301432195
1187,1686362477.1,19.531,413.574,-47.852,-187.012,1554.0,369.06126212655056
1188,1686362477.12,5.859,-123.047,-47.852,-215.332,1554.019,360.50514676322075
1189,1686362477.12,13.672,-97.168,-9.277,-193.359,1554.023,379.8485324604059
1190,1686362477.13,29.297,108.887,-31.25,-174.316,1554.027,361.92010048362107
1191,1686362477.13,21.973,16.113,-46.387,-213.379,1554.031,368.0311999524501
1192,1686362477.14,0.977,-269.043,-55.664,-254.883,1554.034,356.8791252369364
1193,1686362477.14,1.465,-383.301,-44.434,-252.441,1554.038,365.10172715689123
1194,1686362477.14,17.578,-94.238,-26.367,-236.816,1554.042,376.47490473322716
1195,1686362477.15,9.277,84.961,-41.504,-235.84,1554.046,369.8005150361308
1196,1686362477.15,-15.137,-656.25,-71.289,-221.191,1554.05,370.07368937441885
1197,1686362477.15,-14.16,-276.855,-26.367,-200.195,1554.047,371.33921307092936
1198,1686362477.16,-14.16,-587.402,-14.16,-196.777,1554.054,364.45592220041624
1199,1686362477.16,-27.832,123.535,-8.789,-247.07,1554.051,359.8084345225801
1200,1686362477.16,0.977,439.941,-0.488,-179.199,1554.058,363.0909975900435
1201,1686362477.16,-20.508,183.594,-39.062,-221.68,1554.055,364.38572603218955
1202,1686362477.16,-7.324,-109.863,-55.664,-183.105,1554.059,365.4136627633558
1203,1686362477.16,4.395,113.281,-72.266,-153.809,1554.062,356.8846212116284
1204,1686362477.17,-8.301,-214.844,-71.289,-168.457,1554.063,357.5960693061106
1205,1686362477.17,-34.18,-157.227,-46.875,-170.41,1554.067,362.9221864138601
1206,1686362477.18,-45.41,-138.672,-45.898,-148.926,1554.071,377.9166752548829
1207,1686362477.18,-25.391,-251.465,-50.293,-107.91,1554.075,375.5457528586027
1208,1686362477.18,-14.16,-148.926,-34.18,-122.07,1554.078,356.9529423189117
1209,1686362477.19,-20.02,109.863,-41.504,-175.781,1554.082,349.73598706665143
1210,1686362477.19,-24.902,-64.941,-50.293,-167.969,1554.086,358.8437170910891
1211,1686362477.2,-9.277,-437.012,-62.5,-107.91,1554.09,346.39437384017134
1212,1686362477.2,3.906,-648.438,-21.484,-91.309,1554.092,354.74794295734586
1213,1686362477.2,-22.949,127.441,8.789,-146.973,1554.096,356.8811755498778
1214,1686362477.2,-55.664,278.32,-61.523,-171.387,1554.1,352.0526943723671
1215,1686362477.21,-47.852,-9.766,-26.367,-127.93,1554.104,374.02163566594373
1216,1686362477.21,-33.203,83.984,-23.926,-104.492,1554.108,372.3701755323491
1217,1686362477.22,-41.992,-102.051,-57.617,-130.371,1554.111,347.09042336997936
1218,1686362477.22,-50.781,-166.992,-46.387,-143.066,1554.115,362.9822408400132
1219,1686362477.22,-47.852,-501.465,-36.621,-111.816,1554.119,362.62971167735213
1220,1686362477.23,-34.668,-254.883,14.16,-83.984,1554.123,356.65054751326954
1221,1686362477.23,-32.227,417.969,-14.16,-145.996,1554.127,367.28976177874483
1222,1686362477.24,-49.316,59.57,-60.059,-242.676,1554.131,377.68493895229733
1223,1686362477.24,-45.898,-284.18,-49.316,-225.586,1554.135,364.0950764467527
1224,1686362477.24,-23.438,-209.961,-35.156,-191.406,1554.141,374.3460999709287
1225,1686362477.25,-10.254,109.863,-17.09,-226.074,1554.145,358.34457917140475
1226,1686362477.25,-23.438,46.875,-66.895,-223.633,1554.149,368.61390060122045
1227,1686362477.26,-40.527,-591.309,-44.922,-136.23,1554.153,349.4195453138364
1228,1686362477.26,-25.391,-151.855,25.879,-75.684,1554.156,348.5448258821323
1229,1686362477.26,-5.859,318.359,-36.133,-77.148,1554.16,355.58040881186884
1230,1686362477.27,-16.113,-198.242,-93.262,-91.797,1554.164,350.48265288182245
1231,1686362477.27,-22.949,-404.297,-53.711,-76.66,1554.168,352.1001646423579
1232,1686362477.27,-7.324,272.949,21.973,-68.848,1554.172,359.7535992737281
1233,1686362477.28,-7.324,409.668,-38.086,-97.656,1554.176,348.7704564742954
1234,1686362477.28,-24.902,-79.102,-40.527,-143.555,1554.18,353.8420017213627
1235,1686362477.29,-30.762,-82.52,-17.09,-171.387,1554.184,349.6806701156689
1236,1686362477.29,-18.066,154.297,-33.691,-162.109,1554.198,368.4938605112989
1237,1686362477.29,-8.301,104.98,-46.387,-142.09,1554.202,365.52678643270355
1238,1686362477.29,-19.531,-152.832,-48.828,-188.477,1554.205,342.058771830383
1239,1686362477.3,-51.27,-250.0,-28.32,-263.672,1554.209,363.42238065359504
1240,1686362477.3,-57.617,-57.617,-35.645,-263.672,1554.213,354.53083748750674
1241,1686362477.31,-21.973,27.832,-56.152,-218.262,1554.217,355.9652744201039
1242,1686362477.31,-8.789,-513.672,-62.012,-197.266,1554.221,355.77999947285366
1243,1686362477.31,-23.926,-517.09,-22.949,-195.801,1554.225,344.24175358947303
1244,1686362477.32,-30.273,403.32,-3.906,-147.461,1554.229,365.5833466360327
1245,1686362477.32,-20.508,288.574,-57.129,-99.609,1554.233,366.31525178574907
1246,1686362477.32,-22.949,51.27,-54.688,-82.52,1554.237,357.56867848126836
1247,1686362477.33,-39.062,-69.336,-50.293,-109.375,1554.241,363.3616076561314
1248,1686362477.33,-44.922,-30.273,-33.203,-144.043,1554.26,371.10462974486336
1249,1686362477.34,-26.855,60.059,-64.941,-127.93,1554.264,350.8666684171526
1250,1686362477.34,-7.324,-240.234,-50.293,-105.469,1554.268,358.35670712051933
1251,1686362477.34,-20.508,153.32,0.488,-134.277,1554.272,351.9036730704515
1252,1686362477.35,-42.48,271.973,-54.199,-164.062,1554.276,348.21363472779973
1253,1686362477.35,-41.016,-320.312,-90.82,-137.207,1554.28,351.0999777760273
1254,1686362477.35,-26.367,-450.684,-67.383,-145.508,1554.284,357.7459414412705
1255,1686362477.36,-22.461,120.605,-23.438,-189.941,1554.288,348.3960190329145
1256,1686362477.36,-40.039,270.996,-40.039,-217.285,1554.292,356.53350301550904
1257,1686362477.37,-34.18,-334.473,-78.125,-206.055,1554.295,346.07641547799756
1258,1686362477.37,-8.789,-498.535,-22.461,-178.711,1554.299,354.3852395714617
1259,1686362477.37,-9.766,350.098,7.812,-191.406,1554.303,347.4789264773155
1260,1686362477.39,-29.785,411.133,-68.848,-225.586,1554.287,349.2582563572883
1261,1686362477.4,-40.039,-49.316,-55.664,-207.031,1554.291,373.84933415158696
1262,1686362477.4,-21.973,28.32,-31.25,-163.086,1554.295,349.8109489769285
1263,1686362477.4,5.859,240.234,-41.992,-152.344,1554.299,367.0196456525097
1264,1686362477.41,-3.418,74.219,-69.336,-191.895,1554.303,373.6854852450861
1265,1686362477.41,-24.902,-343.75,-66.895,-216.309,1554.307,355.9565806605095
1266,1686362477.41,-35.156,-173.34,-23.438,-186.523,1554.311,360.35467338156167
1267,1686362477.42,-36.621,248.047,-33.203,-176.758,1554.315,345.97917950616744
1268,1686362477.42,-45.41,-21.973,-57.129,-220.703,1554.319,344.1290242433463
1269,1686362477.43,-64.453,-240.234,-27.832,-217.285,1554.322,341.6306722848979
1270,1686362477.43,-63.965,86.914,-24.414,-151.367,1554.326,351.6730197663592
1271,1686362477.43,-43.945,69.336,-47.363,-138.184,1554.33,351.17813419262654
1272,1686362477.44,-31.738,-18.066,-40.527,-187.988,1554.333,347.8663901088168
1273,1686362477.44,-48.828,-613.281,-79.59,-193.848,1554.337,346.08152310911555
1274,1686362477.44,-56.152,-516.113,-13.184,-166.016,1554.341,346.3493807746511
1275,1686362477.45,-32.715,626.465,20.02,-137.695,1554.345,349.60002516075815
1276,1686362477.45,-33.691,359.375,-73.73,-121.094,1554.349,361.5095775276032
1277,1686362477.46,-58.105,-179.199,-63.965,-176.758,1554.353,336.47541724004356
1278,1686362477.46,-55.664,41.992,-18.066,-204.59,1554.357,354.45100142319336
1279,1686362477.46,-30.273,371.582,-24.902,-162.598,1554.361,354.1517917273039
1280,1686362477.47,-15.625,-96.68,-73.242,-153.809,1554.364,367.8732569017469
1281,1686362477.47,-21.484,-436.523,-51.27,-179.688,1554.368,350.7129070118104
1282,1686362477.48,-40.527,141.602,-22.461,-185.547,1554.372,348.04723762930877
1283,1686362477.48,-35.645,144.043,-85.938,-128.906,1554.376,364.62187012578596
1284,1686362477.48,-13.672,-235.352,-51.27,-93.75,1554.391,370.36058069628854
1285,1686362477.48,-16.602,-78.613,-6.836,-153.32,1554.395,367.83332692830163
1286,1686362477.49,-39.062,282.227,-48.34,-223.633,1554.399,352.3026098966702
1287,1686362477.49,-34.18,71.777,-63.477,-235.352,1554.403,359.50075623514306
1288,1686362477.5,-4.395,-72.266,-56.152,-194.336,1554.407,350.385260112931
1289,1686362477.5,-15.137,-166.504,-63.477,-182.617,1554.411,363.8383391158772
1290,1686362477.5,-51.27,-12.695,-35.645,-220.703,1554.415,339.657567309466
1291,1686362477.51,-51.758,168.457,-50.781,-261.23,1554.419,351.25668177955725
1292,1686362477.51,-24.902,-462.402,-53.223,-226.074,1554.423,358.1749868969459
1293,1686362477.52,-19.531,-218.262,3.418,-208.008,1554.427,366.9654805326642
1294,1686362477.52,-38.574,417.969,-38.086,-261.23,1554.431,336.06530375675914
1295,1686362477.52,-38.574,-83.008,-92.773,-249.023,1554.434,356.109510337248
